GENER5
A11 0    0                 680     COM11                              
 0.0000000E+00 0.9000000E+03 0.9600000E+03 0.5838000E+05
 0.1447800E+06 0.2311800E+06 0.3176400E+06 0.4041600E+06
 0.4906200E+06 0.5179200E+06 0.5182200E+06 0.5185200E+06
 0.5188200E+06 0.5770200E+06 0.6634200E+06 0.7498200E+06
 0.8359800E+06 0.9226800E+06 0.1008780E+07 0.1095240E+07
 0.1181640E+07 0.1268040E+07 0.1354440E+07 0.1440900E+07
 0.1527600E+07 0.1613700E+07 0.1700100E+07 0.1786260E+07
 0.1786560E+07 0.1872960E+07 0.1959360E+07 0.2045820E+07
 0.2132520E+07 0.2218620E+07 0.2305020E+07 0.2391180E+07
 0.2477580E+07 0.2563980E+07 0.2650440E+07 0.2737200E+07
 0.2823300E+07 0.2909700E+07 0.2996100E+07 0.3082560E+07
 0.3168960E+07 0.3255660E+07 0.3341820E+07 0.3428220E+07
 0.3514620E+07 0.3601020E+07 0.3687180E+07 0.3773580E+07
 0.3859980E+07 0.3946140E+07 0.4465241E+07 0.4465541E+07
 0.4551656E+07 0.4638072E+07 0.4724488E+07 0.4810903E+07
 0.4897320E+07 0.4983737E+07 0.5070153E+07 0.5156569E+07
 0.5203901E+07 0.5204957E+07 0.5204967E+07 0.5204977E+07
 0.5204987E+07 0.5204997E+07 0.5205007E+07 0.5205017E+07
 0.5205028E+07 0.5205037E+07 0.5205047E+07 0.5205161E+07
 0.5242393E+07 0.5328798E+07 0.5415190E+07 0.5502013E+07
 0.5588429E+07 0.5674846E+07 0.5761262E+07 0.5847679E+07
 0.5934096E+07 0.6020512E+07 0.6106928E+07 0.6193344E+07
 0.6279762E+07 0.6317569E+07 0.6319779E+07 0.6366089E+07
 0.6452505E+07 0.6538921E+07 0.6625339E+07 0.6711756E+07
 0.6797874E+07 0.6884047E+07 0.6948548E+07 0.6948608E+07
 0.6948668E+07 0.6948728E+07 0.6948788E+07 0.6970469E+07
 0.7056773E+07 0.7056892E+07 0.7058394E+07 0.7058453E+07
 0.7058514E+07 0.7058574E+07 0.7058634E+07 0.7143255E+07
 0.7164697E+07 0.7164757E+07 0.7164817E+07 0.7164877E+07
 0.7164937E+07 0.7229559E+07 0.7311898E+07 0.7311958E+07
 0.7315983E+07 0.7402406E+07 0.7441265E+07 0.7484688E+07
 0.7488831E+07 0.7575254E+07 0.7628466E+07 0.7661618E+07
 0.7661678E+07 0.7747980E+07 0.7834404E+07 0.7864194E+07
 0.7916686E+07 0.7920830E+07 0.8007193E+07 0.8061605E+07
 0.8061785E+07 0.8061845E+07 0.8061905E+07 0.8093616E+07
 0.8179981E+07 0.8266406E+07 0.8352830E+07 0.8439194E+07
 0.8525736E+07 0.8611980E+07 0.8698404E+07 0.8784828E+07
 0.8811856E+07 0.8811976E+07 0.8812464E+07 0.8812524E+07
 0.8812584E+07 0.8812644E+07 0.8871200E+07 0.8957621E+07
 0.9043986E+07 0.9130408E+07 0.9216833E+07 0.9303197E+07
 0.9389620E+07 0.9426136E+07 0.9426377E+07 0.9475983E+07
 0.9562408E+07 0.9648832E+07 0.9675677E+07 0.9675737E+07
 0.9675797E+07 0.9675857E+07 0.9675917E+07 0.9735135E+07
 0.9735195E+07 0.9821618E+07 0.9907981E+07 0.9927980E+07
 0.9928041E+07 0.9928100E+07 0.9928161E+07 0.9928220E+07
 0.9994405E+07 0.1008083E+08 0.1016719E+08 0.1018070E+08
 0.1018076E+08 0.1018094E+08 0.1018100E+08 0.1025362E+08
 0.1034004E+08 0.1042640E+08 0.1043373E+08 0.1043379E+08
 0.1043385E+08 0.1043391E+08 0.1043397E+08 0.1043403E+08
 0.1051282E+08 0.1059918E+08 0.1068561E+08 0.1077203E+08
 0.1085839E+08 0.1094482E+08 0.1103118E+08 0.1107418E+08
 0.1109563E+08 0.1111761E+08 0.1120403E+08 0.1129040E+08
 0.1137682E+08 0.1144053E+08 0.1145406E+08 0.1146318E+08
 0.1154961E+08 0.1159201E+08 0.1159207E+08 0.1159213E+08
 0.1159219E+08 0.1163603E+08 0.1172240E+08 0.1175224E+08
 0.1178666E+08 0.1180882E+08 0.1189518E+08 0.1194287E+08
 0.1194293E+08 0.1194299E+08 0.1194305E+08 0.1232717E+08
 0.1235450E+08 0.1235456E+08 0.1235462E+08 0.1236945E+08
 0.1241126E+08 0.1241360E+08 0.1250004E+08 0.1258641E+08
 0.1261620E+08 0.1261626E+08 0.1261632E+08 0.1261638E+08
 0.1261644E+08 0.1265026E+08 0.1267554E+08 0.1275921E+08
 0.1284558E+08 0.1288222E+08 0.1288228E+08 0.1288234E+08
 0.1288240E+08 0.1288246E+08 0.1293201E+08 0.1301839E+08
 0.1310482E+08 0.1319120E+08 0.1327763E+08 0.1336401E+08
 0.1345032E+08 0.1345044E+08 0.1353682E+08 0.1356967E+08
 0.1356967E+08 0.1356967E+08 0.1356968E+08 0.1356968E+08
 0.1356968E+08 0.1356968E+08 0.1356968E+08 0.1356969E+08
 0.1356969E+08 0.1356969E+08 0.1356969E+08 0.1356969E+08
 0.1356970E+08 0.1356970E+08 0.1356970E+08 0.1356970E+08
 0.1356970E+08 0.1356971E+08 0.1356971E+08 0.1356971E+08
 0.1356971E+08 0.1356972E+08 0.1356972E+08 0.1356972E+08
 0.1356972E+08 0.1356972E+08 0.1356973E+08 0.1356973E+08
 0.1356973E+08 0.1356973E+08 0.1356973E+08 0.1356974E+08
 0.1356974E+08 0.1356974E+08 0.1356974E+08 0.1356974E+08
 0.1356975E+08 0.1356975E+08 0.1356975E+08 0.1356975E+08
 0.1356976E+08 0.1356976E+08 0.1356976E+08 0.1356976E+08
 0.1356976E+08 0.1356976E+08 0.1356977E+08 0.1356977E+08
 0.1356977E+08 0.1356977E+08 0.1356978E+08 0.1356978E+08
 0.1356978E+08 0.1356978E+08 0.1356978E+08 0.1356978E+08
 0.1411854E+08 0.1414160E+08 0.1422802E+08 0.1431439E+08
 0.1440081E+08 0.1448723E+08 0.1457360E+08 0.1466002E+08
 0.1471089E+08 0.1471095E+08 0.1471101E+08 0.1471107E+08
 0.1471113E+08 0.1474639E+08 0.1483281E+08 0.1491924E+08
 0.1497317E+08 0.1497323E+08 0.1497329E+08 0.1497335E+08
 0.1497341E+08 0.1500554E+08 0.1500560E+08 0.1509202E+08
 0.1517839E+08 0.1523904E+08 0.1523910E+08 0.1523916E+08
 0.1523916E+08 0.1523922E+08 0.1523928E+08 0.1526481E+08
 0.1535123E+08 0.1543759E+08 0.1552402E+08 0.1561044E+08
 0.1569680E+08 0.1578322E+08 0.1586959E+08 0.1595602E+08
 0.1604238E+08 0.1612880E+08 0.1621523E+08 0.1630159E+08
 0.1638801E+08 0.1647443E+08 0.1656079E+08 0.1664721E+08
 0.1673363E+08 0.1681999E+08 0.1690641E+08 0.1695596E+08
 0.1695602E+08 0.1695608E+08 0.1695614E+08 0.1699283E+08
 0.1707919E+08 0.1716561E+08 0.1725203E+08 0.1733839E+08
 0.1738716E+08 0.1738734E+08 0.1738740E+08 0.1738746E+08
 0.1738752E+08 0.1742481E+08 0.1751123E+08 0.1759759E+08
 0.1764383E+08 0.1764389E+08 0.1764395E+08 0.1764401E+08
 0.1764407E+08 0.1768395E+08 0.1768401E+08 0.1777043E+08
 0.1785679E+08 0.1794321E+08 0.1802963E+08 0.1811599E+08
 0.1815544E+08 0.1818007E+08 0.1820241E+08 0.1823730E+08
 0.1828811E+08 0.1828883E+08 0.1837519E+08 0.1846161E+08
 0.1854803E+08 0.1863439E+08 0.1872081E+08 0.1880723E+08
 0.1889359E+08 0.1893502E+08 0.1893520E+08 0.1893532E+08
 0.1893538E+08 0.1898001E+08 0.1906643E+08 0.1996105E+08
 0.1996105E+08 0.2018867E+08 0.2018873E+08 0.2018963E+08
 0.2027599E+08 0.2036242E+08 0.2044878E+08 0.2053520E+08
 0.2062162E+08 0.2070799E+08 0.2072402E+08 0.2072408E+08
 0.2072414E+08 0.2072420E+08 0.2072438E+08 0.2079441E+08
 0.2088084E+08 0.2096720E+08 0.2105362E+08 0.2113998E+08
 0.2122460E+08 0.2122551E+08 0.2122641E+08 0.2131157E+08
 0.2131181E+08 0.2131187E+08 0.2131193E+08 0.2131199E+08
 0.2131205E+08 0.2131283E+08 0.2139919E+08 0.2148562E+08
 0.2157198E+08 0.2165840E+08 0.2174494E+08 0.2183119E+08
 0.2191761E+08 0.2200404E+08 0.2209040E+08 0.2217682E+08
 0.2226319E+08 0.2234961E+08 0.2243603E+08 0.2252239E+08
 0.2260876E+08 0.2260878E+08 0.2260888E+08 0.2269512E+08
 0.2269524E+08 0.2269524E+08 0.2278155E+08 0.2278160E+08
 0.2286803E+08 0.2295440E+08 0.2304082E+08 0.2307139E+08
 0.2307145E+08 0.2307157E+08 0.2307158E+08 0.2307163E+08
 0.2307170E+08 0.2312719E+08 0.2321362E+08 0.2329999E+08
 0.2338642E+08 0.2347279E+08 0.2355922E+08 0.2364559E+08
 0.2373202E+08 0.2375718E+08 0.2375724E+08 0.2375730E+08
 0.2375736E+08 0.2375736E+08 0.2375742E+08 0.2375748E+08
 0.2381838E+08 0.2390481E+08 0.2399118E+08 0.2407761E+08
 0.2416404E+08 0.2425040E+08 0.2433683E+08 0.2442320E+08
 0.2446836E+08 0.2446842E+08 0.2446848E+08 0.2446854E+08
 0.2446860E+08 0.2446866E+08 0.2450962E+08 0.2459598E+08
 0.2468241E+08 0.2476878E+08 0.2485521E+08 0.2494158E+08
 0.2502807E+08 0.2511444E+08 0.2520080E+08 0.2528723E+08
 0.2537354E+08 0.2537372E+08 0.2546009E+08 0.2546423E+08
 0.2551648E+08 0.2555000E+08 0.2555006E+08 0.2563281E+08
 0.2569640E+08 0.2571921E+08 0.2580562E+08 0.2597838E+08
 0.2601772E+08 0.2606482E+08 0.2613022E+08 0.2615118E+08
 0.2623760E+08 0.2632403E+08 0.2636343E+08 0.2636349E+08
 0.2636355E+08 0.2636361E+08 0.2636367E+08 0.2641039E+08
 0.2649682E+08 0.2658318E+08 0.2660468E+08 0.2666960E+08
 0.2673483E+08 0.2675603E+08 0.2684239E+08 0.2691146E+08
 0.2695554E+08 0.2699272E+08 0.2699278E+08 0.2699284E+08
 0.2699290E+08 0.2699296E+08 0.2699302E+08 0.2701524E+08
 0.2710160E+08 0.2718802E+08 0.2721487E+08 0.2721487E+08
 0.2727439E+08 0.2733787E+08 0.2736081E+08 0.2744724E+08
 0.2753360E+08 0.2756285E+08 0.2762002E+08 0.2764122E+08
 0.2764129E+08 0.2764134E+08 0.2764141E+08 0.2764147E+08
 0.2768705E+08 0.2770639E+08 0.2779281E+08 0.2787924E+08
 0.2792224E+08 0.2796560E+08 0.2803443E+08 0.2805196E+08
 0.2805202E+08 0.2813839E+08 0.2822481E+08 0.2829436E+08
 0.2829442E+08 0.2829448E+08 0.2829454E+08 0.2829460E+08
 0.2829466E+08 0.2831123E+08 0.2839760E+08 0.2848402E+08
 0.2851087E+08 0.2857039E+08 0.2863747E+08 0.2865681E+08
 0.2870588E+08 0.2874323E+08 0.2881206E+08 0.2882959E+08
 0.2891602E+08 0.2894304E+08 0.2894310E+08 0.2894316E+08
 0.2894322E+08 0.2894328E+08 0.2900244E+08 0.2908880E+08
 0.2917522E+08 0.2926159E+08 0.2931726E+08 0.2934801E+08
 0.2941396E+08 0.2943443E+08 0.2952079E+08 0.2959088E+08
 0.2959094E+08 0.2959100E+08 0.2959106E+08 0.2959112E+08
 0.2960722E+08 0.2966085E+08 0.2966097E+08 0.2969364E+08
 0.2971760E+08 0.2971766E+08 0.2971772E+08 0.2971778E+08
 0.2971784E+08 0.2971790E+08 0.2975045E+08 0.2978000E+08
 0.2984342E+08 0.2986642E+08 0.2994840E+08 0.3009771E+08
 0.3012564E+08 0.3021200E+08 0.3029842E+08 0.3035704E+08
 0.3035704E+08 0.3038478E+08 0.3045259E+08 0.3047121E+08
 0.3055763E+08 0.3064394E+08 0.3064400E+08 0.3065577E+08
 0.3065583E+08 0.3065589E+08 0.3065595E+08 0.3065601E+08
 0.3073042E+08 0.3094114E+08 0.3094977E+08 0.3098959E+08
 0.3105901E+08 0.3107601E+08 0.3116243E+08 0.3124880E+08
 0.3133522E+08 0.3142158E+08 0.3150800E+08 0.3152062E+08
 0.3152068E+08 0.3152074E+08 0.3152080E+08 0.3152086E+08
 0.3152092E+08 0.3159443E+08 0.3168080E+08 0.3176722E+08
 0.3185358E+08 0.3194000E+08 0.3202643E+08 0.3207117E+08
 0.3211279E+08 0.3217688E+08 0.3219922E+08 0.3223141E+08
 0.2548888E-03 0.2540000E-05 0.6021891E-06 0.4878611E-06
 0.4523507E-06 0.4227504E-06 0.3953363E-06 0.3854407E-06
 0.3609963E-06 0.0000000E+00 0.4091000E-05 0.4303333E-06
 0.3549897E-06 0.3150995E-06 0.2266296E-06 0.1537001E-06
 0.1019642E-06 0.9821719E-07 0.9098080E-07 0.7992477E-07
 0.8286227E-07 0.7632523E-07 0.6927134E-07 0.6139100E-07
 0.6406620E-07 0.6233681E-07 0.5372795E-07 0.5133333E-07
 0.4570370E-07 0.3816088E-07 0.4720911E-07 0.5047174E-07
 0.4030778E-07 0.5176389E-07 0.4380339E-07 0.3716435E-07
 0.4312847E-07 0.5143188E-07 0.4711388E-07 0.5048548E-07
 0.5105556E-07 0.4929514E-07 0.4255725E-07 0.4202546E-07
 0.5751442E-07 0.2926184E-07 0.4959491E-07 0.5530787E-07
 0.5003472E-07 0.4156337E-07 0.4395139E-07 0.4290857E-07
 0.3828227E-07 0.4543817E-07 0.5300000E-07 0.3631191E-07
 0.5808531E-07 0.4790201E-07 0.4458138E-07 0.9924668E-07
 0.4482451E-07 0.3891062E-07 0.4878148E-07 0.0000000E+00
 0.0000000E+00 0.0000000E+00 0.0000000E+00 0.0000000E+00
 0.0000000E+00 0.0000000E+00 0.0000000E+00 0.0000000E+00
 0.0000000E+00 0.0000000E+00 0.1104210E-04 0.0000000E+00
 0.2634454E-07 0.3288036E-07 0.3656520E-07 0.4166358E-07
 0.5413287E-07 0.4087090E-07 0.3826793E-07 0.4020621E-07
 0.4799921E-07 0.3304249E-07 0.5038766E-07 0.4610845E-07
 0.1802312E-07 0.0000000E+00-0.0000000E+00-0.0000000E+00
-0.0000000E+00-0.0000000E+00-0.0000000E+00-0.0000000E+00
 0.2369746E-05 0.3710752E-05 0.0000000E+00 0.0000000E+00
 0.0000000E+00 0.3963333E-05 0.3957594E-05 0.4046809E-05
 0.4199160E-05 0.4165313E-05 0.0000000E+00 0.0000000E+00
 0.0000000E+00 0.4171667E-05 0.4165985E-05 0.4165913E-05
 0.0000000E+00 0.0000000E+00 0.0000000E+00 0.4183333E-05
 0.4165970E-05 0.0000000E+00 0.2903333E-05 0.2916199E-05
 0.2800875E-05 0.2291292E-05 0.0000000E+00 0.1874922E-05
 0.1751928E-05 0.3234193E-05 0.0000000E+00 0.1248333E-05
 0.1249776E-05 0.1249795E-05 0.1249792E-05 0.4317305E-06
 0.4165299E-06 0.4165870E-06 0.2107235E-05 0.0000000E+00
 0.0000000E+00 0.3794000E-04 0.1683706E-06 0.1335622E-06
 0.1078033E-06 0.1025340E-06 0.1026018E-06 0.9811190E-07
 0.8668313E-07 0.9531843E-07 0.1119481E-06 0.7879384E-06
 0.1020492E-03 0.1380533E-05 0.1654367E-03 0.1412567E-03
 0.5078333E-05 0.2173782E-06 0.4108839E-07 0.3942801E-07
 0.1108398E-07 0.3978016E-08 0.8347193E-06 0.1749997E-05
 0.1750027E-05 0.0000000E+00 0.1750030E-05 0.1749996E-05
 0.1750002E-05 0.1749968E-05 0.0000000E+00 0.0000000E+00
 0.0000000E+00 0.1751667E-05 0.1750002E-05 0.1751667E-05
 0.1750003E-05 0.1749991E-05 0.1750042E-05 0.0000000E+00
 0.0000000E+00 0.0000000E+00 0.1762712E-05 0.1749996E-05
 0.1749994E-05 0.1750009E-05 0.1750000E-05 0.0000000E+00
 0.0000000E+00 0.1748333E-05 0.1750000E-05 0.1750007E-05
 0.1749995E-05 0.1750061E-05 0.0000000E+00 0.0000000E+00
 0.0000000E+00 0.0000000E+00 0.1750000E-05 0.1672142E-05
-0.0000000E+00-0.0000000E+00-0.0000000E+00-0.0000000E+00
-0.0000000E+00-0.0000000E+00 0.2854492E-06 0.3707430E-06
 0.4511169E-07 0.4173792E-07 0.3965611E-07 0.3954759E-07
 0.4183411E-07 0.4611234E-07 0.4641253E-07 0.3710861E-07
 0.3236876E-07 0.0000000E+00 0.0000000E+00-0.0000000E+00
 0.2610223E-07 0.8553332E-06 0.1669753E-05 0.1666359E-05
 0.1666406E-05 0.1666395E-05 0.1666366E-05 0.0000000E+00
 0.0000000E+00 0.0000000E+00-0.0000000E+00 0.0000000E+00
 0.0000000E+00 0.0000000E+00 0.1991945E-05 0.1666365E-05
 0.1666610E-05 0.1666384E-05 0.1666386E-05 0.1666419E-05
 0.0000000E+00 0.0000000E+00 0.0000000E+00 0.1663333E-05
 0.1666401E-05 0.1666327E-05 0.1666399E-05 0.1666375E-05
 0.1666390E-05 0.0000000E+00 0.0000000E+00 0.0000000E+00
 0.0000000E+00 0.1666385E-05 0.1666383E-05 0.1567884E-05
 0.5774075E-07 0.5793949E-07 0.6789080E-07 0.1605746E-07
-0.0000000E+00 0.1270058E-07 0.7543983E-07 0.0000000E+00
 0.0000000E+00 0.0000000E+00 0.0000000E+00 0.0000000E+00
 0.0000000E+00 0.0000000E+00 0.0000000E+00 0.0000000E+00
 0.0000000E+00 0.0000000E+00 0.0000000E+00 0.0000000E+00
 0.0000000E+00 0.0000000E+00 0.0000000E+00 0.0000000E+00
 0.0000000E+00 0.0000000E+00 0.0000000E+00 0.0000000E+00
 0.0000000E+00 0.0000000E+00 0.0000000E+00 0.0000000E+00
 0.0000000E+00 0.0000000E+00 0.0000000E+00 0.0000000E+00
 0.0000000E+00 0.0000000E+00 0.0000000E+00 0.0000000E+00
 0.0000000E+00 0.0000000E+00 0.0000000E+00 0.0000000E+00
 0.0000000E+00 0.0000000E+00 0.0000000E+00 0.0000000E+00
 0.0000000E+00 0.0000000E+00 0.0000000E+00 0.0000000E+00
 0.0000000E+00 0.0000000E+00 0.0000000E+00 0.0000000E+00
 0.0000000E+00 0.0000000E+00 0.0000000E+00 0.0000000E+00
 0.0000000E+00 0.0000000E+00 0.0000000E+00 0.1446438E-07
 0.4006417E-08 0.3653584E-07 0.4037030E-07 0.4102012E-07
 0.5954180E-06 0.1666399E-05 0.1666384E-05 0.1666399E-05
 0.0000000E+00 0.0000000E+00 0.0000000E+00 0.1675000E-05
 0.1666387E-05 0.1666386E-05 0.1666398E-05 0.1575419E-05
 0.0000000E+00 0.0000000E+00 0.0000000E+00 0.1660000E-05
 0.1666428E-05 0.1648333E-05 0.1666389E-05 0.1666395E-05
 0.1666376E-05 0.0000000E+00 0.0000000E+00-0.0000000E+00
 0.0000000E+00 0.1636066E-05 0.1666437E-05 0.4962624E-06
 0.5070343E-07 0.5109057E-07 0.5302932E-07 0.5281251E-07
 0.3990674E-07 0.5140684E-07 0.6962257E-07 0.4645053E-07
 0.6218571E-07 0.5356267E-07 0.5329126E-07 0.6656561E-07
 0.4175307E-07 0.2840700E-07 0.7666859E-07 0.4599683E-07
-0.0000000E+00 0.1855705E-07 0.4557179E-07 0.0000000E+00
 0.0000000E+00 0.0000000E+00 0.1640640E-07 0.2865645E-07
 0.8127066E-06 0.1666386E-05 0.1667555E-05 0.1666367E-05
 0.0000000E+00 0.0000000E+00 0.0000000E+00 0.1661667E-05
 0.1666415E-05 0.1666370E-05 0.1666394E-05 0.1666369E-05
 0.0000000E+00 0.0000000E+00 0.0000000E+00 0.1632787E-05
 0.1666374E-05 0.1678333E-05 0.1666379E-05 0.1418216E-05
 0.6035478E-07 0.6034784E-07 0.6969430E-07 0.4639598E-07
 0.5388864E-07 0.6974621E-07 0.6974178E-07 0.5371898E-07
 0.6954103E-07 0.6850430E-07 0.5952904E-07 0.6131683E-07
 0.6303034E-07 0.8686184E-07 0.7406735E-07 0.5239292E-07
 0.1198653E-06 0.0000000E+00 0.0000000E+00-0.0000000E+00
-0.0000000E+00-0.0000000E+00-0.0000000E+00-0.0000000E+00
 0.3713760E-07 0.7516667E-06 0.7501665E-06 0.7500046E-06
 0.7500000E-06 0.7500023E-06 0.7500052E-06 0.7500064E-06
 0.7500017E-06 0.7499938E-06 0.0000000E+00 0.0000000E+00
 0.0000000E+00 0.7477778E-06 0.7500121E-06 0.7499965E-06
 0.7500040E-06 0.7500098E-06 0.7500064E-06 0.7499917E-06
 0.7501665E-06 0.7500555E-06 0.7500047E-06 0.0000000E+00
 0.0000000E+00 0.0000000E+00 0.0000000E+00 0.7466667E-06
 0.7501921E-06 0.7500087E-06 0.7500012E-06 0.7500023E-06
 0.7500069E-06 0.6047687E-06-0.0000000E+00 0.3048424E-07
 0.7708570E-07 0.5546871E-07 0.6930945E-07 0.7056378E-07
 0.6564992E-07 0.6376354E-07 0.7158274E-07 0.6768867E-07
 0.1992000E-03 0.0000000E+00 0.4840449E-07 0.5714286E-07
-0.0000000E+00 0.6470118E-07 0.8474576E-07 0.7670119E-07
 0.1005153E-06 0.4082151E-06 0.6248823E-06 0.6233333E-06
 0.0000000E+00-0.0000000E+00 0.0000000E+00 0.6096774E-06
 0.6248955E-06 0.6248895E-06 0.6248923E-06 0.6248823E-06
 0.6248886E-06 0.6248831E-06 0.6248932E-06 0.6248820E-06
 0.6249006E-06 0.0000000E+00 0.0000000E+00 0.0000000E+00
-0.0000000E+00 0.0000000E+00 0.6322034E-06 0.6248842E-06
 0.6248834E-06 0.6248935E-06 0.6248811E-06 0.6248878E-06
 0.6248894E-06 0.6248811E-06 0.6248880E-06 0.6248976E-06
 0.0000000E+00 0.0000000E+00 0.0000000E+00 0.0000000E+00
 0.6196721E-06 0.6248926E-06 0.6248923E-06 0.4555149E-06
 0.8775602E-07 0.7764240E-07 0.8412991E-07 0.7330181E-07
 0.7324704E-07 0.6737295E-07 0.7904359E-07 0.8584372E-07
 0.1044444E-06 0.8251204E-07 0.1013266E-06 0.7359859E-07
 0.6969028E-07 0.1098361E-06 0.7384900E-07 0.8504726E-07
 0.2970188E-07 0.1350084E-06 0.9892921E-08 0.4413148E-08
 0.5921610E-06 0.6833446E-06 0.6833206E-06 0.6833364E-06
 0.6833368E-06 0.6833443E-06 0.0000000E+00 0.0000000E+00
 0.0000000E+00 0.6915254E-06 0.6833244E-06 0.6833424E-06
 0.6833357E-06 0.6833271E-06 0.6833385E-06 0.6833234E-06
 0.6833813E-06 0.6833279E-06 0.6833365E-06 0.6833447E-06
 0.6833387E-06 0.0000000E+00 0.0000000E+00 0.0000000E+00
 0.0000000E+00 0.6800000E-06 0.6833401E-06 0.6833411E-06
 0.6833331E-06 0.6833383E-06-0.0000000E+00 0.6833493E-06
 0.6833346E-06 0.6833442E-06 0.6833366E-06 0.6833357E-06
 0.6833533E-06 0.6833374E-06 0.6833349E-06 0.0000000E+00
 0.0000000E+00 0.0000000E+00 0.6850000E-06 0.6833297E-06
 0.6833790E-06 0.6833324E-06 0.6833391E-06 0.6158028E-06
 0.6833526E-06 0.6833251E-06 0.6833770E-06 0.6800000E-06
 0.6833299E-06 0.6833389E-06 0.6833381E-06 0.0000000E+00
 0.0000000E+00 0.0000000E+00 0.0000000E+00 0.6721312E-06
 0.6833726E-06 0.6833291E-06 0.6833412E-06 0.6833346E-06
 0.6833328E-06 0.6833346E-06 0.6833428E-06 0.6833133E-06
 0.6833597E-06 0.6833290E-06 0.6833809E-06 0.6833378E-06
 0.6833099E-06 0.0000000E+00 0.0000000E+00 0.0000000E+00
 0.6833333E-06 0.6833353E-06 0.6833414E-06 0.6833341E-06
 0.6833314E-06 0.6833414E-06 0.6833209E-06 0.6833265E-06
 0.6833854E-06 0.6833385E-06 0.6833295E-06 0.0000000E+00
 0.0000000E+00 0.0000000E+00 0.6866667E-06 0.6833551E-06
 0.6846134E-06 0.5906917E-04 0.6833361E-05 0.6833185E-05
 0.0000000E+00 0.0000000E+00 0.0000000E+00 0.3157246E-03
 0.6833333E-05 0.6833441E-05 0.1028774E-05 0.6833233E-06
 0.6833616E-06 0.6833311E-06 0.0000000E+00 0.6833142E-06
 0.6833399E-06 0.6833387E-06 0.6833325E-06-0.0000000E+00
 0.6833628E-06 0.6833260E-06 0.6833656E-06 0.6833368E-06
 0.6833372E-06 0.6754098E-06 0.6833560E-06 0.0000000E+00
 0.0000000E+00 0.0000000E+00 0.6800000E-06 0.6833425E-06
 0.1615824E-07 0.6012161E-06 0.6248889E-06 0.6414392E-06
 0.6833431E-06 0.6833380E-06 0.6833341E-06 0.6833329E-06
 0.6833399E-06 0.6833393E-06 0.6832871E-06 0.0000000E+00
 0.0000000E+00 0.0000000E+00 0.0000000E+00 0.6932203E-06
 0.6833284E-06 0.6833368E-06 0.6833414E-06 0.6833289E-06
 0.6833358E-06 0.6833393E-06 0.6833300E-06 0.0000000E+00
 0.6833232E-06 0.6833557E-06 0.6833509E-06 0.0000000E+00
 0.0000000E+00 0.0000000E+00 0.0000000E+00 0.0000000E+00
 0.0000000E+00 0.0000000E+00 0.0000000E+00 0.0000000E+00
 0.0000000E+00 0.0000000E+00 0.0000000E+00 0.0000000E+00
 0.0000000E+00 0.0000000E+00 0.0000000E+00 0.0000000E+00
 0.0000000E+00 0.0000000E+00 0.0000000E+00 0.0000000E+00
 0.0000000E+00 0.0000000E+00 0.0000000E+00 0.0000000E+00
 0.0000000E+00 0.0000000E+00 0.0000000E+00 0.0000000E+00
 0.0000000E+00 0.0000000E+00 0.0000000E+00 0.0000000E+00
 0.0000000E+00 0.0000000E+00 0.0000000E+00 0.0000000E+00
 0.0000000E+00 0.0000000E+00 0.0000000E+00 0.0000000E+00
 0.0000000E+00 0.0000000E+00 0.0000000E+00 0.0000000E+00
 0.0000000E+00 0.0000000E+00 0.0000000E+00 0.0000000E+00
 0.0000000E+00 0.0000000E+00 0.0000000E+00 0.0000000E+00
 0.0000000E+00 0.0000000E+00 0.0000000E+00 0.0000000E+00
 0.0000000E+00 0.0000000E+00 0.0000000E+00 0.0000000E+00
 0.0000000E+00 0.0000000E+00 0.0000000E+00 0.0000000E+00
 0.0000000E+00 0.0000000E+00 0.0000000E+00 0.0000000E+00
 0.0000000E+00 0.0000000E+00 0.0000000E+00 0.0000000E+00
 0.0000000E+00 0.0000000E+00 0.0000000E+00 0.0000000E+00
 0.0000000E+00 0.0000000E+00 0.0000000E+00 0.0000000E+00
 0.0000000E+00 0.0000000E+00 0.0000000E+00 0.0000000E+00
 0.0000000E+00 0.0000000E+00 0.0000000E+00 0.0000000E+00
 0.0000000E+00 0.0000000E+00 0.0000000E+00 0.0000000E+00
 0.0000000E+00 0.0000000E+00 0.0000000E+00 0.0000000E+00
 0.0000000E+00 0.0000000E+00 0.0000000E+00 0.0000000E+00
 0.0000000E+00 0.0000000E+00 0.0000000E+00 0.0000000E+00
 0.0000000E+00 0.0000000E+00 0.0000000E+00 0.0000000E+00
 0.0000000E+00 0.0000000E+00 0.0000000E+00 0.0000000E+00
 0.0000000E+00 0.0000000E+00 0.0000000E+00 0.0000000E+00
 0.0000000E+00 0.0000000E+00 0.0000000E+00 0.0000000E+00
 0.0000000E+00 0.0000000E+00 0.0000000E+00 0.0000000E+00
 0.0000000E+00 0.0000000E+00 0.0000000E+00 0.0000000E+00
 0.0000000E+00 0.0000000E+00 0.0000000E+00 0.0000000E+00
 0.0000000E+00 0.0000000E+00 0.0000000E+00 0.0000000E+00
 0.0000000E+00 0.0000000E+00 0.0000000E+00 0.0000000E+00
 0.0000000E+00 0.0000000E+00 0.0000000E+00 0.0000000E+00
 0.0000000E+00 0.0000000E+00 0.0000000E+00 0.0000000E+00
 0.0000000E+00 0.0000000E+00 0.0000000E+00 0.0000000E+00
 0.0000000E+00 0.0000000E+00 0.0000000E+00 0.0000000E+00
 0.0000000E+00 0.0000000E+00 0.0000000E+00 0.0000000E+00
 0.0000000E+00 0.0000000E+00 0.0000000E+00 0.0000000E+00
 0.0000000E+00 0.0000000E+00 0.0000000E+00 0.0000000E+00
 0.0000000E+00 0.0000000E+00 0.0000000E+00 0.0000000E+00
 0.0000000E+00 0.0000000E+00 0.0000000E+00 0.0000000E+00
 0.0000000E+00 0.0000000E+00 0.0000000E+00 0.0000000E+00
 0.0000000E+00 0.0000000E+00 0.0000000E+00 0.0000000E+00
 0.0000000E+00 0.0000000E+00 0.0000000E+00 0.0000000E+00
 0.0000000E+00 0.0000000E+00 0.0000000E+00 0.0000000E+00
 0.0000000E+00 0.0000000E+00 0.0000000E+00 0.0000000E+00
 0.0000000E+00 0.0000000E+00 0.0000000E+00 0.0000000E+00
 0.0000000E+00 0.0000000E+00 0.0000000E+00 0.0000000E+00
 0.0000000E+00 0.0000000E+00 0.0000000E+00 0.0000000E+00
 0.0000000E+00 0.0000000E+00 0.0000000E+00 0.0000000E+00
 0.0000000E+00 0.0000000E+00 0.0000000E+00 0.0000000E+00
 0.0000000E+00 0.0000000E+00 0.0000000E+00 0.0000000E+00
 0.0000000E+00 0.0000000E+00 0.0000000E+00 0.0000000E+00
 0.0000000E+00 0.0000000E+00 0.0000000E+00 0.0000000E+00
 0.0000000E+00 0.0000000E+00 0.0000000E+00 0.0000000E+00
 0.0000000E+00 0.0000000E+00 0.0000000E+00 0.0000000E+00
 0.0000000E+00 0.0000000E+00 0.0000000E+00 0.0000000E+00
 0.0000000E+00 0.0000000E+00 0.0000000E+00 0.0000000E+00
 0.0000000E+00 0.0000000E+00 0.0000000E+00 0.0000000E+00
 0.0000000E+00 0.0000000E+00 0.0000000E+00 0.0000000E+00
 0.0000000E+00 0.0000000E+00 0.0000000E+00 0.0000000E+00
 0.0000000E+00 0.0000000E+00 0.0000000E+00 0.0000000E+00
 0.0000000E+00 0.0000000E+00 0.0000000E+00 0.0000000E+00
 0.0000000E+00 0.0000000E+00 0.0000000E+00 0.0000000E+00
 0.0000000E+00 0.0000000E+00 0.0000000E+00 0.0000000E+00
 0.0000000E+00 0.0000000E+00 0.0000000E+00 0.0000000E+00
 0.0000000E+00 0.0000000E+00 0.0000000E+00 0.0000000E+00
 0.0000000E+00 0.0000000E+00 0.0000000E+00 0.0000000E+00
 0.0000000E+00 0.0000000E+00 0.0000000E+00 0.0000000E+00
 0.0000000E+00 0.0000000E+00 0.0000000E+00 0.0000000E+00
 0.0000000E+00 0.0000000E+00 0.0000000E+00 0.0000000E+00
 0.0000000E+00 0.0000000E+00 0.0000000E+00 0.0000000E+00
 0.0000000E+00 0.0000000E+00 0.0000000E+00 0.0000000E+00
 0.0000000E+00 0.0000000E+00 0.0000000E+00 0.0000000E+00
 0.0000000E+00 0.0000000E+00 0.0000000E+00 0.0000000E+00
 0.0000000E+00 0.0000000E+00 0.0000000E+00 0.0000000E+00
 0.0000000E+00 0.0000000E+00 0.0000000E+00 0.0000000E+00
 0.0000000E+00 0.0000000E+00 0.0000000E+00 0.0000000E+00
 0.0000000E+00 0.0000000E+00 0.0000000E+00 0.0000000E+00
 0.0000000E+00 0.0000000E+00 0.0000000E+00 0.0000000E+00
 0.0000000E+00 0.0000000E+00 0.0000000E+00 0.0000000E+00
 0.0000000E+00 0.0000000E+00 0.0000000E+00 0.0000000E+00
 0.0000000E+00 0.0000000E+00 0.0000000E+00 0.0000000E+00
 0.0000000E+00 0.0000000E+00 0.0000000E+00 0.0000000E+00
 0.0000000E+00 0.0000000E+00 0.0000000E+00 0.0000000E+00
 0.0000000E+00 0.0000000E+00 0.0000000E+00 0.0000000E+00
 0.0000000E+00 0.0000000E+00 0.0000000E+00 0.0000000E+00
 0.0000000E+00 0.0000000E+00 0.0000000E+00 0.0000000E+00
 0.0000000E+00 0.0000000E+00 0.0000000E+00 0.0000000E+00
 0.0000000E+00 0.0000000E+00 0.0000000E+00 0.0000000E+00
 0.0000000E+00 0.0000000E+00 0.0000000E+00 0.0000000E+00
 0.0000000E+00 0.0000000E+00 0.0000000E+00 0.0000000E+00
 0.0000000E+00 0.0000000E+00 0.0000000E+00 0.0000000E+00
 0.0000000E+00 0.0000000E+00 0.0000000E+00 0.0000000E+00
 0.0000000E+00 0.0000000E+00 0.0000000E+00 0.0000000E+00
 0.0000000E+00 0.0000000E+00 0.0000000E+00 0.0000000E+00
 0.0000000E+00 0.0000000E+00 0.0000000E+00 0.0000000E+00
 0.0000000E+00 0.0000000E+00 0.0000000E+00 0.0000000E+00
 0.0000000E+00 0.0000000E+00 0.0000000E+00 0.0000000E+00
 0.0000000E+00 0.0000000E+00 0.0000000E+00 0.0000000E+00
 0.0000000E+00 0.0000000E+00 0.0000000E+00 0.0000000E+00
 0.0000000E+00 0.0000000E+00 0.0000000E+00 0.0000000E+00
 0.0000000E+00 0.0000000E+00 0.0000000E+00 0.0000000E+00
 0.0000000E+00 0.0000000E+00 0.0000000E+00 0.0000000E+00
 0.0000000E+00 0.0000000E+00 0.0000000E+00 0.0000000E+00
 0.0000000E+00 0.0000000E+00 0.0000000E+00 0.0000000E+00
 0.0000000E+00 0.0000000E+00 0.0000000E+00 0.0000000E+00
 0.0000000E+00 0.0000000E+00 0.0000000E+00 0.0000000E+00
 0.0000000E+00 0.0000000E+00 0.0000000E+00 0.0000000E+00
 0.0000000E+00 0.0000000E+00 0.0000000E+00 0.0000000E+00
 0.0000000E+00 0.0000000E+00 0.0000000E+00 0.0000000E+00
 0.0000000E+00 0.0000000E+00 0.0000000E+00 0.0000000E+00
 0.0000000E+00 0.0000000E+00 0.0000000E+00 0.0000000E+00
 0.0000000E+00 0.0000000E+00 0.0000000E+00 0.0000000E+00
 0.0000000E+00 0.0000000E+00 0.0000000E+00 0.0000000E+00
 0.0000000E+00 0.0000000E+00 0.0000000E+00 0.0000000E+00
 0.0000000E+00 0.0000000E+00 0.0000000E+00 0.0000000E+00
 0.0000000E+00 0.0000000E+00 0.0000000E+00 0.0000000E+00
 0.0000000E+00 0.0000000E+00 0.0000000E+00 0.0000000E+00
 0.0000000E+00 0.0000000E+00 0.0000000E+00 0.0000000E+00
 0.0000000E+00 0.0000000E+00 0.0000000E+00 0.0000000E+00
 0.0000000E+00 0.0000000E+00 0.0000000E+00 0.0000000E+00
 0.0000000E+00 0.0000000E+00 0.0000000E+00 0.0000000E+00
 0.0000000E+00 0.0000000E+00 0.0000000E+00 0.0000000E+00
 0.0000000E+00 0.0000000E+00 0.0000000E+00 0.0000000E+00
 0.0000000E+00 0.0000000E+00 0.0000000E+00 0.0000000E+00
 0.0000000E+00 0.0000000E+00 0.0000000E+00 0.0000000E+00
 0.0000000E+00 0.0000000E+00 0.0000000E+00 0.0000000E+00
 0.0000000E+00 0.0000000E+00 0.0000000E+00 0.0000000E+00
 0.0000000E+00 0.0000000E+00 0.0000000E+00 0.0000000E+00
 0.0000000E+00 0.0000000E+00 0.0000000E+00 0.0000000E+00
 0.0000000E+00 0.0000000E+00 0.0000000E+00 0.0000000E+00
 0.0000000E+00 0.0000000E+00 0.0000000E+00 0.0000000E+00
 0.0000000E+00 0.0000000E+00 0.0000000E+00 0.0000000E+00
 0.0000000E+00 0.0000000E+00 0.0000000E+00 0.0000000E+00
 0.0000000E+00 0.0000000E+00 0.0000000E+00 0.0000000E+00
 0.0000000E+00 0.0000000E+00 0.0000000E+00 0.0000000E+00
 0.0000000E+00 0.0000000E+00 0.0000000E+00 0.0000000E+00
 0.0000000E+00 0.0000000E+00 0.0000000E+00 0.0000000E+00
 0.0000000E+00 0.0000000E+00 0.0000000E+00 0.0000000E+00
 0.0000000E+00 0.0000000E+00 0.0000000E+00 0.0000000E+00
 0.0000000E+00 0.0000000E+00 0.0000000E+00 0.0000000E+00
 0.0000000E+00 0.0000000E+00 0.0000000E+00 0.0000000E+00
 0.0000000E+00 0.0000000E+00 0.0000000E+00 0.0000000E+00
 0.0000000E+00 0.0000000E+00 0.0000000E+00 0.0000000E+00
 0.0000000E+00 0.0000000E+00 0.0000000E+00 0.0000000E+00
 0.0000000E+00 0.0000000E+00 0.0000000E+00 0.0000000E+00
 0.0000000E+00 0.0000000E+00 0.0000000E+00 0.0000000E+00
 0.0000000E+00 0.0000000E+00 0.0000000E+00 0.0000000E+00
 0.0000000E+00 0.0000000E+00 0.0000000E+00 0.0000000E+00
 0.0000000E+00 0.0000000E+00 0.0000000E+00 0.0000000E+00
 0.0000000E+00 0.0000000E+00 0.0000000E+00 0.0000000E+00
 0.0000000E+00 0.0000000E+00 0.0000000E+00 0.0000000E+00
 0.0000000E+00 0.0000000E+00 0.0000000E+00 0.0000000E+00
 0.0000000E+00 0.0000000E+00 0.0000000E+00 0.0000000E+00
 0.0000000E+00 0.0000000E+00 0.0000000E+00 0.0000000E+00
 0.0000000E+00 0.0000000E+00 0.0000000E+00 0.0000000E+00
 0.0000000E+00 0.0000000E+00 0.0000000E+00 0.0000000E+00
 0.0000000E+00 0.0000000E+00 0.0000000E+00 0.0000000E+00
 0.0000000E+00 0.0000000E+00 0.0000000E+00 0.0000000E+00
 0.0000000E+00 0.0000000E+00 0.0000000E+00 0.0000000E+00
 0.0000000E+00 0.0000000E+00 0.0000000E+00 0.0000000E+00
 0.0000000E+00 0.0000000E+00 0.0000000E+00 0.0000000E+00
 0.0000000E+00 0.0000000E+00 0.0000000E+00 0.0000000E+00
 0.0000000E+00 0.0000000E+00 0.0000000E+00 0.0000000E+00
 0.0000000E+00 0.0000000E+00 0.0000000E+00 0.0000000E+00
 0.0000000E+00 0.0000000E+00 0.0000000E+00 0.0000000E+00
+++  
         1
