InjectionCO2                                                                    
MULTI----1----*----2----*----3----*----4----*----5----*----6----*----7----*----8
    3    3    3    6                                                            
START----1----*----2----*----3----*----4----*----5----*----6----*----7----*----8
TIMES----1----*----2----*----3----*----4----*----5----*----6----*----7----*----8
  100                                                                           
       0.0 8.72727e3 1.74545e4 2.61818e4 3.49090e4 4.36363e4 5.23636e4 6.10909e4
 6.98181e4 7.85454e4 8.72727e4   96000.0 1.04727e5 1.13454e5 1.22181e5 1.30909e5
 1.39636e5 1.48363e5 1.57090e5 1.65818e5 1.74545e5 1.83272e5  192000.0 2.00727e5
 2.09454e5 2.18181e5 2.26909e5 2.35636e5 2.44363e5 2.53090e5 2.61818e5 2.70545e5
 2.79272e5  288000.0 2.96727e5 3.05454e5 3.14181e5 3.22909e5 3.31636e5 3.40363e5
 3.49090e5 3.57818e5 3.66545e5 3.75272e5  384000.0 3.92727e5 4.01454e5 4.10181e5
 4.18909e5 4.27636e5 4.36363e5 4.45090e5 4.53818e5 4.62545e5 4.71272e5 4.80000e5
 4.88727e5 4.97454e5 5.06181e5 5.14909e5 5.23636e5 5.32363e5 5.41090e5 5.49818e5
 5.58545e5 5.67272e5  576000.0 5.84727e5 5.93454e5 6.02181e5 6.10909e5 6.19636e5
 6.28363e5 6.37090e5 6.45818e5 6.54545e5 6.63272e5  672000.0 6.80727e5 6.89454e5
 6.98181e5 7.06909e5 7.15636e5 7.24363e5 7.33090e5 7.41818e5 7.50545e5 7.59272e5
  768000.0 7.76727e5 7.85454e5 7.94181e5 8.02909e5 8.11636e5 8.20363e5 8.29090e5
 8.37818e5 8.46545e5 8.55272e5  864000.0                                        
MESHM----1----*----2----*----3----*----4----*----5----*----6----*----7----*----8
XYZ                                                                             
       0.0                                                                      
NX       1       0.5                                                            
NX       1       0.5                                                            
NY       1       1.0                                                            
NZ       1       1.0                                                            


ENDCY----1----*----2----*----3----*----4----*----5----*----6----*----7----*----8
