INCON
A11 0           0.12000000E+00
 0.3835956885756E+06 0.0000000000000E+00 0.0000000000000E+00 0.1650000000000E+02
A11 1           0.12000000E+00
 0.8378881002398E+06 0.0000000000000E+00 0.0000000000000E+00 0.1650000000000E+02
A11 2           0.12000000E+00
 0.3841185861670E+06 0.0000000000000E+00 0.0000000000000E+00 0.1650000000000E+02
A11 3           0.12000000E+00
 0.8020456848872E+06 0.0000000000000E+00 0.0000000000000E+00 0.1650000000000E+02
A11 4           0.12000000E+00
 0.2857997820343E+06 0.0000000000000E+00 0.0000000000000E+00 0.1650000000000E+02
A11 5           0.12000000E+00
 0.7284105250144E+06 0.0000000000000E+00 0.0000000000000E+00 0.1650000000000E+02
A11 6           0.12000000E+00
 0.3909912937495E+06 0.0000000000000E+00 0.0000000000000E+00 0.1650000000000E+02
A11 7           0.12000000E+00
 0.7930932574567E+06 0.0000000000000E+00 0.0000000000000E+00 0.1650000000000E+02
A11 8           0.12000000E+00
 0.7986817719989E+06 0.0000000000000E+00 0.0000000000000E+00 0.1650000000000E+02
A11 9           0.12000000E+00
 0.5320779668027E+06 0.0000000000000E+00 0.0000000000000E+00 0.1650000000000E+02
A1110           0.12000000E+00
 0.6150313736268E+06 0.0000000000000E+00 0.0000000000000E+00 0.1650000000000E+02
A1111           0.12000000E+00
 0.8378879833680E+06 0.0000000000000E+00 0.0000000000000E+00 0.1650000000000E+02
A1112           0.12000000E+00
 0.5670589998529E+06 0.0000000000000E+00 0.0000000000000E+00 0.1650000000000E+02
A1113           0.12000000E+00
 0.8737307225398E+06 0.0000000000000E+00 0.0000000000000E+00 0.1650000000000E+02
A1114           0.12000000E+00
 0.5676092643213E+06 0.0000000000000E+00 0.0000000000000E+00 0.1650000000000E+02
A1115           0.12000000E+00
 0.5622827383264E+06 0.0000000000000E+00 0.0000000000000E+00 0.1650000000000E+02
A1116           0.12000000E+00
 0.6859028257181E+06 0.0000000000000E+00 0.0000000000000E+00 0.1650000000000E+02
A1117           0.12000000E+00
 0.2226930338873E+06 0.0000000000000E+00 0.0000000000000E+00 0.1650000000000E+02
A1118           0.12000000E+00
 0.6024434406981E+06 0.0000000000000E+00 0.0000000000000E+00 0.1650000000000E+02
A1119           0.12000000E+00
 0.5958726823705E+06 0.0000000000000E+00 0.0000000000000E+00 0.1650000000000E+02
A1120           0.12000000E+00
 0.5785448526096E+06 0.0000000000000E+00 0.0000000000000E+00 0.1650000000000E+02
A1121           0.12000000E+00
 0.5175238993942E+06 0.0000000000000E+00 0.0000000000000E+00 0.1650000000000E+02
A1122           0.12000000E+00
 0.5119442490328E+06 0.0000000000000E+00 0.0000000000000E+00 0.1650000000000E+02
A1123           0.12000000E+00
 0.3486009420939E+06 0.0000000000000E+00 0.0000000000000E+00 0.1650000000000E+02
A1124           0.12000000E+00
 0.6032051145563E+06 0.0000000000000E+00 0.0000000000000E+00 0.1650000000000E+02
A1125           0.12000000E+00
 0.5053150323255E+06 0.0000000000000E+00 0.0000000000000E+00 0.1650000000000E+02
A1126           0.12000000E+00
 0.4463994202826E+06 0.0000000000000E+00 0.0000000000000E+00 0.1650000000000E+02
A1127           0.12000000E+00
 0.5458724721453E+06 0.0000000000000E+00 0.0000000000000E+00 0.1650000000000E+02
A1128           0.12000000E+00
 0.5042275903937E+06 0.0000000000000E+00 0.0000000000000E+00 0.1650000000000E+02
A1129           0.12000000E+00
 0.2636845270205E+06 0.0000000000000E+00 0.0000000000000E+00 0.1650000000000E+02
A1130           0.12000000E+00
 0.3594088491399E+06 0.0000000000000E+00 0.0000000000000E+00 0.1650000000000E+02
A1131           0.12000000E+00
 0.5323888605782E+06 0.0000000000000E+00 0.0000000000000E+00 0.1650000000000E+02
A1132           0.12000000E+00
 0.7194584757034E+06 0.0000000000000E+00 0.0000000000000E+00 0.1650000000000E+02
A1133           0.12000000E+00
 0.2957780223757E+06 0.0000000000000E+00 0.0000000000000E+00 0.1650000000000E+02
A1134           0.12000000E+00
 0.5119527949608E+06 0.0000000000000E+00 0.0000000000000E+00 0.1650000000000E+02
A1135           0.12000000E+00
 0.7660512969102E+06 0.0000000000000E+00 0.0000000000000E+00 0.1650000000000E+02
A1136           0.12000000E+00
 0.5624181009959E+06 0.0000000000000E+00 0.0000000000000E+00 0.1650000000000E+02
A1137           0.12000000E+00
 0.5778455205736E+06 0.0000000000000E+00 0.0000000000000E+00 0.1650000000000E+02
A1138           0.12000000E+00
 0.7203321470309E+06 0.0000000000000E+00 0.0000000000000E+00 0.1650000000000E+02
A1139           0.12000000E+00
 0.5142063246181E+06 0.0000000000000E+00 0.0000000000000E+00 0.1650000000000E+02
A1140           0.12000000E+00
 0.5581084310318E+06 0.0000000000000E+00 0.0000000000000E+00 0.1650000000000E+02
A1141           0.12000000E+00
 0.5402603899804E+06 0.0000000000000E+00 0.0000000000000E+00 0.1650000000000E+02
A1142           0.12000000E+00
 0.6041867874794E+06 0.0000000000000E+00 0.0000000000000E+00 0.1650000000000E+02
A1143           0.12000000E+00
 0.6116169609254E+06 0.0000000000000E+00 0.0000000000000E+00 0.1650000000000E+02
A1144           0.12000000E+00
 0.3358736004457E+06 0.0000000000000E+00 0.0000000000000E+00 0.1650000000000E+02
A1145           0.12000000E+00
 0.7660927298522E+06 0.0000000000000E+00 0.0000000000000E+00 0.1650000000000E+02
A1146           0.12000000E+00
 0.5419782514654E+06 0.0000000000000E+00 0.0000000000000E+00 0.1650000000000E+02
A1147           0.12000000E+00
 0.6381281173529E+06 0.0000000000000E+00 0.0000000000000E+00 0.1650000000000E+02
A1148           0.12000000E+00
 0.5730177314072E+06 0.0000000000000E+00 0.0000000000000E+00 0.1650000000000E+02
A1149           0.12000000E+00
 0.5425366445889E+06 0.0000000000000E+00 0.0000000000000E+00 0.1650000000000E+02
A1150           0.12000000E+00
 0.5290084093419E+06 0.0000000000000E+00 0.0000000000000E+00 0.1650000000000E+02
A1151           0.12000000E+00
 0.5413544825954E+06 0.0000000000000E+00 0.0000000000000E+00 0.1650000000000E+02
A1152           0.12000000E+00
 0.7874093941114E+06 0.0000000000000E+00 0.0000000000000E+00 0.1650000000000E+02
A1153           0.12000000E+00
 0.4858274064558E+06 0.0000000000000E+00 0.0000000000000E+00 0.1650000000000E+02
A1154           0.12000000E+00
 0.8061931401911E+06 0.0000000000000E+00 0.0000000000000E+00 0.1650000000000E+02
A1155           0.12000000E+00
 0.8420354180738E+06 0.0000000000000E+00 0.0000000000000E+00 0.1650000000000E+02
A1156           0.12000000E+00
 0.4925693535599E+06 0.0000000000000E+00 0.0000000000000E+00 0.1650000000000E+02
A1157           0.12000000E+00
 0.2295655307897E+06 0.0000000000000E+00 0.0000000000000E+00 0.1650000000000E+02
A1158           0.12000000E+00
 0.8005903929190E+06 0.0000000000000E+00 0.0000000000000E+00 0.1650000000000E+02
A1159           0.12000000E+00
 0.7325453050894E+06 0.0000000000000E+00 0.0000000000000E+00 0.1650000000000E+02
A1160           0.12000000E+00
 0.5898166509341E+06 0.0000000000000E+00 0.0000000000000E+00 0.1650000000000E+02
A1161           0.12000000E+00
 0.5922942152402E+06 0.0000000000000E+00 0.0000000000000E+00 0.1650000000000E+02
A1162           0.12000000E+00
 0.3077522418291E+06 0.0000000000000E+00 0.0000000000000E+00 0.1650000000000E+02
A1163           0.12000000E+00
 0.4821451030962E+06 0.0000000000000E+00 0.0000000000000E+00 0.1650000000000E+02
A1164           0.12000000E+00
 0.5394152796307E+06 0.0000000000000E+00 0.0000000000000E+00 0.1650000000000E+02
A1165           0.12000000E+00
 0.6030553377388E+06 0.0000000000000E+00 0.0000000000000E+00 0.1650000000000E+02
A1166           0.12000000E+00
 0.5609239801302E+06 0.0000000000000E+00 0.0000000000000E+00 0.1650000000000E+02
A1167           0.12000000E+00
 0.5061208042912E+06 0.0000000000000E+00 0.0000000000000E+00 0.1650000000000E+02
A1168           0.12000000E+00
 0.5783957188959E+06 0.0000000000000E+00 0.0000000000000E+00 0.1650000000000E+02
A1169           0.12000000E+00
 0.4884035024336E+06 0.0000000000000E+00 0.0000000000000E+00 0.1650000000000E+02
A1170           0.12000000E+00
 0.5883132978316E+06 0.0000000000000E+00 0.0000000000000E+00 0.1650000000000E+02
A1171           0.12000000E+00
 0.8198195140186E+06 0.0000000000000E+00 0.0000000000000E+00 0.1650000000000E+02
A1172           0.12000000E+00
 0.5184608139282E+06 0.0000000000000E+00 0.0000000000000E+00 0.1650000000000E+02
A1173           0.12000000E+00
 0.4946508403034E+06 0.0000000000000E+00 0.0000000000000E+00 0.1650000000000E+02
A1174           0.12000000E+00
 0.4811178715858E+06 0.0000000000000E+00 0.0000000000000E+00 0.1650000000000E+02
A1175           0.12000000E+00
 0.7750250055386E+06 0.0000000000000E+00 0.0000000000000E+00 0.1650000000000E+02
A1176           0.12000000E+00
 0.8364324913666E+06 0.0000000000000E+00 0.0000000000000E+00 0.1650000000000E+02
A1177           0.12000000E+00
 0.6031471406728E+06 0.0000000000000E+00 0.0000000000000E+00 0.1650000000000E+02
A1178           0.12000000E+00
 0.4901339677023E+06 0.0000000000000E+00 0.0000000000000E+00 0.1650000000000E+02
A1179           0.12000000E+00
 0.2255935648318E+06 0.0000000000000E+00 0.0000000000000E+00 0.1650000000000E+02
A1180           0.12000000E+00
 0.2292584305578E+06 0.0000000000000E+00 0.0000000000000E+00 0.1650000000000E+02
A1181           0.12000000E+00
 0.5677427522335E+06 0.0000000000000E+00 0.0000000000000E+00 0.1650000000000E+02
A1182           0.12000000E+00
 0.5259747411792E+06 0.0000000000000E+00 0.0000000000000E+00 0.1650000000000E+02
A1183           0.12000000E+00
 0.5133689127987E+06 0.0000000000000E+00 0.0000000000000E+00 0.1650000000000E+02
A1184           0.12000000E+00
 0.4912779244487E+06 0.0000000000000E+00 0.0000000000000E+00 0.1650000000000E+02
A1185           0.12000000E+00
 0.8420863079294E+06 0.0000000000000E+00 0.0000000000000E+00 0.1650000000000E+02
A1186           0.12000000E+00
 0.7795855079801E+06 0.0000000000000E+00 0.0000000000000E+00 0.1650000000000E+02
A1187           0.12000000E+00
 0.2918057933519E+06 0.0000000000000E+00 0.0000000000000E+00 0.1650000000000E+02
A1188           0.12000000E+00
 0.6914014713869E+06 0.0000000000000E+00 0.0000000000000E+00 0.1650000000000E+02
A1189           0.12000000E+00
 0.2326710972871E+06 0.0000000000000E+00 0.0000000000000E+00 0.1650000000000E+02
A1190           0.12000000E+00
 0.4839456984196E+06 0.0000000000000E+00 0.0000000000000E+00 0.1650000000000E+02
A1191           0.12000000E+00
 0.7990906470302E+06 0.0000000000000E+00 0.0000000000000E+00 0.1650000000000E+02
A1192           0.12000000E+00
 0.5280600917807E+06 0.0000000000000E+00 0.0000000000000E+00 0.1650000000000E+02
A1193           0.12000000E+00
 0.2923655618099E+06 0.0000000000000E+00 0.0000000000000E+00 0.1650000000000E+02
A1194           0.12000000E+00
 0.5887031885210E+06 0.0000000000000E+00 0.0000000000000E+00 0.1650000000000E+02
A1195           0.12000000E+00
 0.6113765259985E+06 0.0000000000000E+00 0.0000000000000E+00 0.1650000000000E+02
A1196           0.12000000E+00
 0.4572078062192E+06 0.0000000000000E+00 0.0000000000000E+00 0.1650000000000E+02
A1197           0.12000000E+00
 0.7806550935138E+06 0.0000000000000E+00 0.0000000000000E+00 0.1650000000000E+02
A1198           0.12000000E+00
 0.5352081955017E+06 0.0000000000000E+00 0.0000000000000E+00 0.1650000000000E+02
A1199           0.12000000E+00
 0.5482741247761E+06 0.0000000000000E+00 0.0000000000000E+00 0.1650000000000E+02
A12 0           0.12000000E+00
 0.6181955857309E+06 0.0000000000000E+00 0.0000000000000E+00 0.1650000000000E+02
A12 1           0.12000000E+00
 0.5201744618688E+06 0.0000000000000E+00 0.0000000000000E+00 0.1650000000000E+02
A12 2           0.12000000E+00
 0.4802272284744E+06 0.0000000000000E+00 0.0000000000000E+00 0.1650000000000E+02
A12 3           0.12000000E+00
 0.5796475441492E+06 0.0000000000000E+00 0.0000000000000E+00 0.1650000000000E+02
A12 4           0.12000000E+00
 0.5220968580598E+06 0.0000000000000E+00 0.0000000000000E+00 0.1650000000000E+02
A12 5           0.12000000E+00
 0.6893799809606E+06 0.0000000000000E+00 0.0000000000000E+00 0.1650000000000E+02
A12 6           0.12000000E+00
 0.8737308090730E+06 0.0000000000000E+00 0.0000000000000E+00 0.1650000000000E+02
A12 7           0.12000000E+00
 0.6064241413828E+06 0.0000000000000E+00 0.0000000000000E+00 0.1650000000000E+02
A12 8           0.12000000E+00
 0.3554369109020E+06 0.0000000000000E+00 0.0000000000000E+00 0.1650000000000E+02
A12 9           0.12000000E+00
 0.2963008922134E+06 0.0000000000000E+00 0.0000000000000E+00 0.1650000000000E+02
A1210           0.12000000E+00
 0.5855783575826E+06 0.0000000000000E+00 0.0000000000000E+00 0.1650000000000E+02
A1211           0.12000000E+00
 0.5704900595065E+06 0.0000000000000E+00 0.0000000000000E+00 0.1650000000000E+02
A1212           0.12000000E+00
 0.6822886096835E+06 0.0000000000000E+00 0.0000000000000E+00 0.1650000000000E+02
A1213           0.12000000E+00
 0.5827070916280E+06 0.0000000000000E+00 0.0000000000000E+00 0.1650000000000E+02
A1214           0.12000000E+00
 0.6815564244261E+06 0.0000000000000E+00 0.0000000000000E+00 0.1650000000000E+02
A1215           0.12000000E+00
 0.2226930782558E+06 0.0000000000000E+00 0.0000000000000E+00 0.1650000000000E+02
A1216           0.12000000E+00
 0.5080597448002E+06 0.0000000000000E+00 0.0000000000000E+00 0.1650000000000E+02
A1217           0.12000000E+00
 0.5152940474988E+06 0.0000000000000E+00 0.0000000000000E+00 0.1650000000000E+02
A1218           0.12000000E+00
 0.6680227526222E+06 0.0000000000000E+00 0.0000000000000E+00 0.1650000000000E+02
A1219           0.12000000E+00
 0.8778781017860E+06 0.0000000000000E+00 0.0000000000000E+00 0.1650000000000E+02
A1220           0.12000000E+00
 0.2879369190997E+06 0.0000000000000E+00 0.0000000000000E+00 0.1650000000000E+02
A1221           0.12000000E+00
 0.8421278191812E+06 0.0000000000000E+00 0.0000000000000E+00 0.1650000000000E+02
A1222           0.12000000E+00
 0.4711413096366E+06 0.0000000000000E+00 0.0000000000000E+00 0.1650000000000E+02
A1223           0.12000000E+00
 0.7017849572408E+06 0.0000000000000E+00 0.0000000000000E+00 0.1650000000000E+02
A1224           0.12000000E+00
 0.4141917518282E+06 0.0000000000000E+00 0.0000000000000E+00 0.1650000000000E+02
A1225           0.12000000E+00
 0.7236044429127E+06 0.0000000000000E+00 0.0000000000000E+00 0.1650000000000E+02
A1226           0.12000000E+00
 0.6762383022931E+06 0.0000000000000E+00 0.0000000000000E+00 0.1650000000000E+02
A1227           0.12000000E+00
 0.2607840984310E+06 0.0000000000000E+00 0.0000000000000E+00 0.1650000000000E+02
A1228           0.12000000E+00
 0.3168796986272E+06 0.0000000000000E+00 0.0000000000000E+00 0.1650000000000E+02
A1229           0.12000000E+00
 0.7612568836456E+06 0.0000000000000E+00 0.0000000000000E+00 0.1650000000000E+02
A1230           0.12000000E+00
 0.6250145039555E+06 0.0000000000000E+00 0.0000000000000E+00 0.1650000000000E+02
A1231           0.12000000E+00
 0.6064421586662E+06 0.0000000000000E+00 0.0000000000000E+00 0.1650000000000E+02
A1232           0.12000000E+00
 0.4142044542686E+06 0.0000000000000E+00 0.0000000000000E+00 0.1650000000000E+02
A1233           0.12000000E+00
 0.2852984580593E+06 0.0000000000000E+00 0.0000000000000E+00 0.1650000000000E+02
A1234           0.12000000E+00
 0.8198195239681E+06 0.0000000000000E+00 0.0000000000000E+00 0.1650000000000E+02
A1235           0.12000000E+00
 0.8421278691880E+06 0.0000000000000E+00 0.0000000000000E+00 0.1650000000000E+02
A1236           0.12000000E+00
 0.7254429018345E+06 0.0000000000000E+00 0.0000000000000E+00 0.1650000000000E+02
A1237           0.12000000E+00
 0.4990256126487E+06 0.0000000000000E+00 0.0000000000000E+00 0.1650000000000E+02
A1238           0.12000000E+00
 0.4863357518944E+06 0.0000000000000E+00 0.0000000000000E+00 0.1650000000000E+02
A1239           0.12000000E+00
 0.8959980615194E+06 0.0000000000000E+00 0.0000000000000E+00 0.1650000000000E+02
A1240           0.12000000E+00
 0.2767377528635E+06 0.0000000000000E+00 0.0000000000000E+00 0.1650000000000E+02
A1241           0.12000000E+00
 0.3234880528612E+06 0.0000000000000E+00 0.0000000000000E+00 0.1650000000000E+02
A1242           0.12000000E+00
 0.7583214059725E+06 0.0000000000000E+00 0.0000000000000E+00 0.1650000000000E+02
A1243           0.12000000E+00
 0.8450634515371E+06 0.0000000000000E+00 0.0000000000000E+00 0.1650000000000E+02
A1244           0.12000000E+00
 0.6773039888455E+06 0.0000000000000E+00 0.0000000000000E+00 0.1650000000000E+02
A1245           0.12000000E+00
 0.2295656661045E+06 0.0000000000000E+00 0.0000000000000E+00 0.1650000000000E+02
A1246           0.12000000E+00
 0.6026670118966E+06 0.0000000000000E+00 0.0000000000000E+00 0.1650000000000E+02
A1247           0.12000000E+00
 0.3216628246036E+06 0.0000000000000E+00 0.0000000000000E+00 0.1650000000000E+02
A1248           0.12000000E+00
 0.2863227111010E+06 0.0000000000000E+00 0.0000000000000E+00 0.1650000000000E+02
A1249           0.12000000E+00
 0.3149274575848E+06 0.0000000000000E+00 0.0000000000000E+00 0.1650000000000E+02
A1250           0.12000000E+00
 0.6026712991237E+06 0.0000000000000E+00 0.0000000000000E+00 0.1650000000000E+02
A1251           0.12000000E+00
 0.5484325628393E+06 0.0000000000000E+00 0.0000000000000E+00 0.1650000000000E+02
A1252           0.12000000E+00
 0.6374128863307E+06 0.0000000000000E+00 0.0000000000000E+00 0.1650000000000E+02
A1253           0.12000000E+00
 0.6032549632812E+06 0.0000000000000E+00 0.0000000000000E+00 0.1650000000000E+02
A1254           0.12000000E+00
 0.7817557887789E+06 0.0000000000000E+00 0.0000000000000E+00 0.1650000000000E+02
A1255           0.12000000E+00
 0.6565138505592E+06 0.0000000000000E+00 0.0000000000000E+00 0.1650000000000E+02
A1256           0.12000000E+00
 0.5995378495200E+06 0.0000000000000E+00 0.0000000000000E+00 0.1650000000000E+02
A1257           0.12000000E+00
 0.3365398492153E+06 0.0000000000000E+00 0.0000000000000E+00 0.1650000000000E+02
A1258           0.12000000E+00
 0.3860697631198E+06 0.0000000000000E+00 0.0000000000000E+00 0.1650000000000E+02
A1259           0.12000000E+00
 0.8510601819906E+06 0.0000000000000E+00 0.0000000000000E+00 0.1650000000000E+02
A1260           0.12000000E+00
 0.2560015757848E+06 0.0000000000000E+00 0.0000000000000E+00 0.1650000000000E+02
A1261           0.12000000E+00
 0.7804345420532E+06 0.0000000000000E+00 0.0000000000000E+00 0.1650000000000E+02
A1262           0.12000000E+00
 0.6618413891117E+06 0.0000000000000E+00 0.0000000000000E+00 0.1650000000000E+02
A1263           0.12000000E+00
 0.5693262642622E+06 0.0000000000000E+00 0.0000000000000E+00 0.1650000000000E+02
A1264           0.12000000E+00
 0.8958560285080E+06 0.0000000000000E+00 0.0000000000000E+00 0.1650000000000E+02
A1265           0.12000000E+00
 0.6254947018814E+06 0.0000000000000E+00 0.0000000000000E+00 0.1650000000000E+02
A1266           0.12000000E+00
 0.2190861125282E+06 0.0000000000000E+00 0.0000000000000E+00 0.1650000000000E+02
A1267           0.12000000E+00
 0.6766283188524E+06 0.0000000000000E+00 0.0000000000000E+00 0.1650000000000E+02
A1268           0.12000000E+00
 0.5598229581591E+06 0.0000000000000E+00 0.0000000000000E+00 0.1650000000000E+02
A1269           0.12000000E+00
 0.8450633386239E+06 0.0000000000000E+00 0.0000000000000E+00 0.1650000000000E+02
A1270           0.12000000E+00
 0.4930838158645E+06 0.0000000000000E+00 0.0000000000000E+00 0.1650000000000E+02
A1271           0.12000000E+00
 0.8958560262706E+06 0.0000000000000E+00 0.0000000000000E+00 0.1650000000000E+02
A1272           0.12000000E+00
 0.3347972027322E+06 0.0000000000000E+00 0.0000000000000E+00 0.1650000000000E+02
A1273           0.12000000E+00
 0.8737308467419E+06 0.0000000000000E+00 0.0000000000000E+00 0.1650000000000E+02
A1274           0.12000000E+00
 0.8959981655028E+06 0.0000000000000E+00 0.0000000000000E+00 0.1650000000000E+02
A1275           0.12000000E+00
 0.3048516089687E+06 0.0000000000000E+00 0.0000000000000E+00 0.1650000000000E+02
A1276           0.12000000E+00
 0.8622820271885E+06 0.0000000000000E+00 0.0000000000000E+00 0.1650000000000E+02
A1277           0.12000000E+00
 0.8233788993651E+06 0.0000000000000E+00 0.0000000000000E+00 0.1650000000000E+02
A1278           0.12000000E+00
 0.8198609376455E+06 0.0000000000000E+00 0.0000000000000E+00 0.1650000000000E+02
A1279           0.12000000E+00
 0.6818373411045E+06 0.0000000000000E+00 0.0000000000000E+00 0.1650000000000E+02
A1280           0.12000000E+00
 0.8989339247851E+06 0.0000000000000E+00 0.0000000000000E+00 0.1650000000000E+02
A1281           0.12000000E+00
 0.4948268535714E+06 0.0000000000000E+00 0.0000000000000E+00 0.1650000000000E+02
A1282           0.12000000E+00
 0.4418679795728E+06 0.0000000000000E+00 0.0000000000000E+00 0.1650000000000E+02
A1283           0.12000000E+00
 0.5890709050067E+06 0.0000000000000E+00 0.0000000000000E+00 0.1650000000000E+02
A1284           0.12000000E+00
 0.8566902216783E+06 0.0000000000000E+00 0.0000000000000E+00 0.1650000000000E+02
A1285           0.12000000E+00
 0.7606274711261E+06 0.0000000000000E+00 0.0000000000000E+00 0.1650000000000E+02
A1286           0.12000000E+00
 0.8180749908464E+06 0.0000000000000E+00 0.0000000000000E+00 0.1650000000000E+02
A1287           0.12000000E+00
 0.2854927954168E+06 0.0000000000000E+00 0.0000000000000E+00 0.1650000000000E+02
A1288           0.12000000E+00
 0.4674593777910E+06 0.0000000000000E+00 0.0000000000000E+00 0.1650000000000E+02
A1289           0.12000000E+00
 0.8114728693100E+06 0.0000000000000E+00 0.0000000000000E+00 0.1650000000000E+02
A1290           0.12000000E+00
 0.4023434028879E+06 0.0000000000000E+00 0.0000000000000E+00 0.1650000000000E+02
A1291           0.12000000E+00
 0.8558827754907E+06 0.0000000000000E+00 0.0000000000000E+00 0.1650000000000E+02
A1292           0.12000000E+00
 0.3236819450673E+06 0.0000000000000E+00 0.0000000000000E+00 0.1650000000000E+02
A1293           0.12000000E+00
 0.4965083910062E+06 0.0000000000000E+00 0.0000000000000E+00 0.1650000000000E+02
A1294           0.12000000E+00
 0.8145195745352E+06 0.0000000000000E+00 0.0000000000000E+00 0.1650000000000E+02
A1295           0.12000000E+00
 0.3472018784484E+06 0.0000000000000E+00 0.0000000000000E+00 0.1650000000000E+02
A1296           0.12000000E+00
 0.3945442071643E+06 0.0000000000000E+00 0.0000000000000E+00 0.1650000000000E+02
A1297           0.12000000E+00
 0.5938829173851E+06 0.0000000000000E+00 0.0000000000000E+00 0.1650000000000E+02
A1298           0.12000000E+00
 0.8529181301669E+06 0.0000000000000E+00 0.0000000000000E+00 0.1650000000000E+02
A1299           0.12000000E+00
 0.8232004971119E+06 0.0000000000000E+00 0.0000000000000E+00 0.1650000000000E+02
A13 0           0.12000000E+00
 0.6925263077021E+06 0.0000000000000E+00 0.0000000000000E+00 0.1650000000000E+02
A13 1           0.12000000E+00
 0.6039608644150E+06 0.0000000000000E+00 0.0000000000000E+00 0.1650000000000E+02
A13 2           0.12000000E+00
 0.8778779824233E+06 0.0000000000000E+00 0.0000000000000E+00 0.1650000000000E+02
A13 3           0.12000000E+00
 0.2835708998915E+06 0.0000000000000E+00 0.0000000000000E+00 0.1650000000000E+02
A13 4           0.12000000E+00
 0.8413201458771E+06 0.0000000000000E+00 0.0000000000000E+00 0.1650000000000E+02
A13 5           0.12000000E+00
 0.7942900454028E+06 0.0000000000000E+00 0.0000000000000E+00 0.1650000000000E+02
A13 6           0.12000000E+00
 0.7576919748531E+06 0.0000000000000E+00 0.0000000000000E+00 0.1650000000000E+02
A13 7           0.12000000E+00
 0.8137120452778E+06 0.0000000000000E+00 0.0000000000000E+00 0.1650000000000E+02
A13 8           0.12000000E+00
 0.5819648476508E+06 0.0000000000000E+00 0.0000000000000E+00 0.1650000000000E+02
A13 9           0.12000000E+00
 0.7023361040219E+06 0.0000000000000E+00 0.0000000000000E+00 0.1650000000000E+02
A1310           0.12000000E+00
 0.7694327889519E+06 0.0000000000000E+00 0.0000000000000E+00 0.1650000000000E+02
A1311           0.12000000E+00
 0.8122806666579E+06 0.0000000000000E+00 0.0000000000000E+00 0.1650000000000E+02
A1312           0.12000000E+00
 0.8778781411095E+06 0.0000000000000E+00 0.0000000000000E+00 0.1650000000000E+02
A1313           0.12000000E+00
 0.2854928217517E+06 0.0000000000000E+00 0.0000000000000E+00 0.1650000000000E+02
A1314           0.12000000E+00
 0.8193372401170E+06 0.0000000000000E+00 0.0000000000000E+00 0.1650000000000E+02
A1315           0.12000000E+00
 0.2667597105967E+06 0.0000000000000E+00 0.0000000000000E+00 0.1650000000000E+02
A1316           0.12000000E+00
 0.5244515281756E+06 0.0000000000000E+00 0.0000000000000E+00 0.1650000000000E+02
A1317           0.12000000E+00
 0.8241091167416E+06 0.0000000000000E+00 0.0000000000000E+00 0.1650000000000E+02
A1318           0.12000000E+00
 0.3937826095639E+06 0.0000000000000E+00 0.0000000000000E+00 0.1650000000000E+02
A1319           0.12000000E+00
 0.7008516254857E+06 0.0000000000000E+00 0.0000000000000E+00 0.1650000000000E+02
A1320           0.12000000E+00
 0.3049492400674E+06 0.0000000000000E+00 0.0000000000000E+00 0.1650000000000E+02
A1321           0.12000000E+00
 0.2756613577477E+06 0.0000000000000E+00 0.0000000000000E+00 0.1650000000000E+02
A1322           0.12000000E+00
 0.2326710078613E+06 0.0000000000000E+00 0.0000000000000E+00 0.1650000000000E+02
A1323           0.12000000E+00
 0.3999804641311E+06 0.0000000000000E+00 0.0000000000000E+00 0.1650000000000E+02
A1324           0.12000000E+00
 0.8489670051919E+06 0.0000000000000E+00 0.0000000000000E+00 0.1650000000000E+02
A1325           0.12000000E+00
 0.8537258953636E+06 0.0000000000000E+00 0.0000000000000E+00 0.1650000000000E+02
A1326           0.12000000E+00
 0.4025374536511E+06 0.0000000000000E+00 0.0000000000000E+00 0.1650000000000E+02
A1327           0.12000000E+00
 0.6800261954590E+06 0.0000000000000E+00 0.0000000000000E+00 0.1650000000000E+02
A1328           0.12000000E+00
 0.7428404992068E+06 0.0000000000000E+00 0.0000000000000E+00 0.1650000000000E+02
A1329           0.12000000E+00
 0.1983943180315E+06 0.0000000000000E+00 0.0000000000000E+00 0.1650000000000E+02
A1330           0.12000000E+00
 0.4096374121019E+06 0.0000000000000E+00 0.0000000000000E+00 0.1650000000000E+02
A1331           0.12000000E+00
 0.2650930980663E+06 0.0000000000000E+00 0.0000000000000E+00 0.1650000000000E+02
A1332           0.12000000E+00
 0.8628702602839E+06 0.0000000000000E+00 0.0000000000000E+00 0.1650000000000E+02
A1333           0.12000000E+00
 0.2292585459928E+06 0.0000000000000E+00 0.0000000000000E+00 0.1650000000000E+02
A1334           0.12000000E+00
 0.4681995151362E+06 0.0000000000000E+00 0.0000000000000E+00 0.1650000000000E+02
A1335           0.12000000E+00
 0.8622820516064E+06 0.0000000000000E+00 0.0000000000000E+00 0.1650000000000E+02
A1336           0.12000000E+00
 0.6139793482297E+06 0.0000000000000E+00 0.0000000000000E+00 0.1650000000000E+02
A1337           0.12000000E+00
 0.8661501835594E+06 0.0000000000000E+00 0.0000000000000E+00 0.1650000000000E+02
A1338           0.12000000E+00
 0.6784743239412E+06 0.0000000000000E+00 0.0000000000000E+00 0.1650000000000E+02
A1339           0.12000000E+00
 0.9075962512133E+06 0.0000000000000E+00 0.0000000000000E+00 0.1650000000000E+02
A1340           0.12000000E+00
 0.2226931268614E+06 0.0000000000000E+00 0.0000000000000E+00 0.1650000000000E+02
A1341           0.12000000E+00
 0.2326709834896E+06 0.0000000000000E+00 0.0000000000000E+00 0.1650000000000E+02
A1342           0.12000000E+00
 0.8036183909490E+06 0.0000000000000E+00 0.0000000000000E+00 0.1650000000000E+02
A1343           0.12000000E+00
 0.3718484603122E+06 0.0000000000000E+00 0.0000000000000E+00 0.1650000000000E+02
A1344           0.12000000E+00
 0.9167823291031E+06 0.0000000000000E+00 0.0000000000000E+00 0.1650000000000E+02
A1345           0.12000000E+00
 0.3009286229341E+06 0.0000000000000E+00 0.0000000000000E+00 0.1650000000000E+02
A1346           0.12000000E+00
 0.6285894460526E+06 0.0000000000000E+00 0.0000000000000E+00 0.1650000000000E+02
A1347           0.12000000E+00
 0.7241979121645E+06 0.0000000000000E+00 0.0000000000000E+00 0.1650000000000E+02
A1348           0.12000000E+00
 0.3090639326313E+06 0.0000000000000E+00 0.0000000000000E+00 0.1650000000000E+02
A1349           0.12000000E+00
 0.8131249372871E+06 0.0000000000000E+00 0.0000000000000E+00 0.1650000000000E+02
A1350           0.12000000E+00
 0.6624942231555E+06 0.0000000000000E+00 0.0000000000000E+00 0.1650000000000E+02
A1351           0.12000000E+00
 0.8164889057711E+06 0.0000000000000E+00 0.0000000000000E+00 0.1650000000000E+02
A1352           0.12000000E+00
 0.8661505210439E+06 0.0000000000000E+00 0.0000000000000E+00 0.1650000000000E+02
A1353           0.12000000E+00
 0.9075965095562E+06 0.0000000000000E+00 0.0000000000000E+00 0.1650000000000E+02
A1354           0.12000000E+00
 0.2045503011170E+06 0.0000000000000E+00 0.0000000000000E+00 0.1650000000000E+02
A1355           0.12000000E+00
 0.2045502821764E+06 0.0000000000000E+00 0.0000000000000E+00 0.1650000000000E+02
A1356           0.12000000E+00
 0.8959980543114E+06 0.0000000000000E+00 0.0000000000000E+00 0.1650000000000E+02
A1357           0.12000000E+00
 0.6277819929193E+06 0.0000000000000E+00 0.0000000000000E+00 0.1650000000000E+02
A1358           0.12000000E+00
 0.5790331564088E+06 0.0000000000000E+00 0.0000000000000E+00 0.1650000000000E+02
A1359           0.12000000E+00
 0.5790078239420E+06 0.0000000000000E+00 0.0000000000000E+00 0.1650000000000E+02
A1360           0.12000000E+00
 0.8093862691093E+06 0.0000000000000E+00 0.0000000000000E+00 0.1650000000000E+02
A1361           0.12000000E+00
 0.3831691291879E+06 0.0000000000000E+00 0.0000000000000E+00 0.1650000000000E+02
A1362           0.12000000E+00
 0.8444340055394E+06 0.0000000000000E+00 0.0000000000000E+00 0.1650000000000E+02
A1363           0.12000000E+00
 0.7003327013700E+06 0.0000000000000E+00 0.0000000000000E+00 0.1650000000000E+02
A1364           0.12000000E+00
 0.3032827105402E+06 0.0000000000000E+00 0.0000000000000E+00 0.1650000000000E+02
A1365           0.12000000E+00
 0.8342623096723E+06 0.0000000000000E+00 0.0000000000000E+00 0.1650000000000E+02
A1366           0.12000000E+00
 0.8952678593680E+06 0.0000000000000E+00 0.0000000000000E+00 0.1650000000000E+02
A1367           0.12000000E+00
 0.5271754869038E+06 0.0000000000000E+00 0.0000000000000E+00 0.1650000000000E+02
A1368           0.12000000E+00
 0.5271627815728E+06 0.0000000000000E+00 0.0000000000000E+00 0.1650000000000E+02
A1369           0.12000000E+00
 0.5776695525937E+06 0.0000000000000E+00 0.0000000000000E+00 0.1650000000000E+02
A1370           0.12000000E+00
 0.5776440796403E+06 0.0000000000000E+00 0.0000000000000E+00 0.1650000000000E+02
A1371           0.12000000E+00
 0.8199251090262E+06 0.0000000000000E+00 0.0000000000000E+00 0.1650000000000E+02
A1372           0.12000000E+00
 0.9105608950061E+06 0.0000000000000E+00 0.0000000000000E+00 0.1650000000000E+02
A1373           0.12000000E+00
 0.8334961372038E+06 0.0000000000000E+00 0.0000000000000E+00 0.1650000000000E+02
A1374           0.12000000E+00
 0.2105258842239E+06 0.0000000000000E+00 0.0000000000000E+00 0.1650000000000E+02
A1375           0.12000000E+00
 0.8958560293451E+06 0.0000000000000E+00 0.0000000000000E+00 0.1650000000000E+02
A1376           0.12000000E+00
 0.5263978029519E+06 0.0000000000000E+00 0.0000000000000E+00 0.1650000000000E+02
A1377           0.12000000E+00
 0.5263846688002E+06 0.0000000000000E+00 0.0000000000000E+00 0.1650000000000E+02
A1378           0.12000000E+00
 0.8174869729281E+06 0.0000000000000E+00 0.0000000000000E+00 0.1650000000000E+02
A1379           0.12000000E+00
 0.2105258410446E+06 0.0000000000000E+00 0.0000000000000E+00 0.1650000000000E+02
A1380           0.12000000E+00
 0.3071418816504E+06 0.0000000000000E+00 0.0000000000000E+00 0.1650000000000E+02
A1381           0.12000000E+00
 0.4071296044949E+06 0.0000000000000E+00 0.0000000000000E+00 0.1650000000000E+02
A1382           0.12000000E+00
 0.8683893590060E+06 0.0000000000000E+00 0.0000000000000E+00 0.1650000000000E+02
A1383           0.12000000E+00
 0.2674472262710E+06 0.0000000000000E+00 0.0000000000000E+00 0.1650000000000E+02
A1384           0.12000000E+00
 0.3838041869537E+06 0.0000000000000E+00 0.0000000000000E+00 0.1650000000000E+02
A1385           0.12000000E+00
 0.4424056569568E+06 0.0000000000000E+00 0.0000000000000E+00 0.1650000000000E+02
A1386           0.12000000E+00
 0.4468187820671E+06 0.0000000000000E+00 0.0000000000000E+00 0.1650000000000E+02
A1387           0.12000000E+00
 0.7154195911645E+06 0.0000000000000E+00 0.0000000000000E+00 0.1650000000000E+02
A1388           0.12000000E+00
 0.9167822649987E+06 0.0000000000000E+00 0.0000000000000E+00 0.1650000000000E+02
A1389           0.12000000E+00
 0.8719864515816E+06 0.0000000000000E+00 0.0000000000000E+00 0.1650000000000E+02
A1390           0.12000000E+00
 0.1983943604154E+06 0.0000000000000E+00 0.0000000000000E+00 0.1650000000000E+02
A1391           0.12000000E+00
 0.8452284459953E+06 0.0000000000000E+00 0.0000000000000E+00 0.1650000000000E+02
A1392           0.12000000E+00
 0.3693406639795E+06 0.0000000000000E+00 0.0000000000000E+00 0.1650000000000E+02
A1393           0.12000000E+00
 0.7696109273799E+06 0.0000000000000E+00 0.0000000000000E+00 0.1650000000000E+02
A1394           0.12000000E+00
 0.7913179880699E+06 0.0000000000000E+00 0.0000000000000E+00 0.1650000000000E+02
A1395           0.12000000E+00
 0.2487146470689E+06 0.0000000000000E+00 0.0000000000000E+00 0.1650000000000E+02
A1396           0.12000000E+00
 0.4318896001425E+06 0.0000000000000E+00 0.0000000000000E+00 0.1650000000000E+02
A1397           0.12000000E+00
 0.7356487574753E+06 0.0000000000000E+00 0.0000000000000E+00 0.1650000000000E+02
A1398           0.12000000E+00
 0.2990067377539E+06 0.0000000000000E+00 0.0000000000000E+00 0.1650000000000E+02
A1399           0.12000000E+00
 0.2713062863344E+06 0.0000000000000E+00 0.0000000000000E+00 0.1650000000000E+02
A14 0           0.12000000E+00
 0.2487145287861E+06 0.0000000000000E+00 0.0000000000000E+00 0.1650000000000E+02
A14 1           0.12000000E+00
 0.2295656182403E+06 0.0000000000000E+00 0.0000000000000E+00 0.1650000000000E+02
A14 2           0.12000000E+00
 0.3247135670567E+06 0.0000000000000E+00 0.0000000000000E+00 0.1650000000000E+02
A14 3           0.12000000E+00
 0.2486169482141E+06 0.0000000000000E+00 0.0000000000000E+00 0.1650000000000E+02
A14 4           0.12000000E+00
 0.2486169229537E+06 0.0000000000000E+00 0.0000000000000E+00 0.1650000000000E+02
A14 5           0.12000000E+00
 0.2654276777490E+06 0.0000000000000E+00 0.0000000000000E+00 0.1650000000000E+02
A14 6           0.12000000E+00
 0.4053989986874E+06 0.0000000000000E+00 0.0000000000000E+00 0.1650000000000E+02
A14 7           0.12000000E+00
 0.7996393663684E+06 0.0000000000000E+00 0.0000000000000E+00 0.1650000000000E+02
A14 8           0.12000000E+00
 0.2821931519542E+06 0.0000000000000E+00 0.0000000000000E+00 0.1650000000000E+02
A14 9           0.12000000E+00
 0.8950897724466E+06 0.0000000000000E+00 0.0000000000000E+00 0.1650000000000E+02
A1410           0.12000000E+00
 0.7320524040977E+06 0.0000000000000E+00 0.0000000000000E+00 0.1650000000000E+02
A1411           0.12000000E+00
 0.3656008028583E+06 0.0000000000000E+00 0.0000000000000E+00 0.1650000000000E+02
A1412           0.12000000E+00
 0.2423639656533E+06 0.0000000000000E+00 0.0000000000000E+00 0.1650000000000E+02
A1413           0.12000000E+00
 0.4217538730214E+06 0.0000000000000E+00 0.0000000000000E+00 0.1650000000000E+02
A1414           0.12000000E+00
 0.9167824270167E+06 0.0000000000000E+00 0.0000000000000E+00 0.1650000000000E+02
A1415           0.12000000E+00
 0.6727892373993E+06 0.0000000000000E+00 0.0000000000000E+00 0.1650000000000E+02
A1416           0.12000000E+00
 0.7424310001978E+06 0.0000000000000E+00 0.0000000000000E+00 0.1650000000000E+02
A1417           0.12000000E+00
 0.6714039382744E+06 0.0000000000000E+00 0.0000000000000E+00 0.1650000000000E+02
A1418           0.12000000E+00
 0.3012631641257E+06 0.0000000000000E+00 0.0000000000000E+00 0.1650000000000E+02
A1419           0.12000000E+00
 0.3675976548179E+06 0.0000000000000E+00 0.0000000000000E+00 0.1650000000000E+02
A1420           0.12000000E+00
 0.2120320893057E+06 0.0000000000000E+00 0.0000000000000E+00 0.1650000000000E+02
A1421           0.12000000E+00
 0.8683893690023E+06 0.0000000000000E+00 0.0000000000000E+00 0.1650000000000E+02
A1422           0.12000000E+00
 0.6817147759220E+06 0.0000000000000E+00 0.0000000000000E+00 0.1650000000000E+02
A1423           0.12000000E+00
 0.2292585791802E+06 0.0000000000000E+00 0.0000000000000E+00 0.1650000000000E+02
A1424           0.12000000E+00
 0.2423639849766E+06 0.0000000000000E+00 0.0000000000000E+00 0.1650000000000E+02
A1425           0.12000000E+00
 0.2636845775105E+06 0.0000000000000E+00 0.0000000000000E+00 0.1650000000000E+02
A1426           0.12000000E+00
 0.8958973148138E+06 0.0000000000000E+00 0.0000000000000E+00 0.1650000000000E+02
A1427           0.12000000E+00
 0.4460061711104E+06 0.0000000000000E+00 0.0000000000000E+00 0.1650000000000E+02
A1428           0.12000000E+00
 0.2295657156985E+06 0.0000000000000E+00 0.0000000000000E+00 0.1650000000000E+02
A1429           0.12000000E+00
 0.4324270731163E+06 0.0000000000000E+00 0.0000000000000E+00 0.1650000000000E+02
A1430           0.12000000E+00
 0.7348411148177E+06 0.0000000000000E+00 0.0000000000000E+00 0.1650000000000E+02
A1431           0.12000000E+00
 0.2972636167208E+06 0.0000000000000E+00 0.0000000000000E+00 0.1650000000000E+02
A1432           0.12000000E+00
 0.4479281774564E+06 0.0000000000000E+00 0.0000000000000E+00 0.1650000000000E+02
A1433           0.12000000E+00
 0.8738366590545E+06 0.0000000000000E+00 0.0000000000000E+00 0.1650000000000E+02
A1434           0.12000000E+00
 0.2409137180497E+06 0.0000000000000E+00 0.0000000000000E+00 0.1650000000000E+02
A1435           0.12000000E+00
 0.7328600519837E+06 0.0000000000000E+00 0.0000000000000E+00 0.1650000000000E+02
A1436           0.12000000E+00
 0.2995201052371E+06 0.0000000000000E+00 0.0000000000000E+00 0.1650000000000E+02
A1437           0.12000000E+00
 0.9105609165887E+06 0.0000000000000E+00 0.0000000000000E+00 0.1650000000000E+02
A1438           0.12000000E+00
 0.2292585964321E+06 0.0000000000000E+00 0.0000000000000E+00 0.1650000000000E+02
A1439           0.12000000E+00
 0.7357385555737E+06 0.0000000000000E+00 0.0000000000000E+00 0.1650000000000E+02
A1440           0.12000000E+00
 0.2273365744981E+06 0.0000000000000E+00 0.0000000000000E+00 0.1650000000000E+02
A1441           0.12000000E+00
 0.2226931929305E+06 0.0000000000000E+00 0.0000000000000E+00 0.1650000000000E+02
A1442           0.12000000E+00
 0.8738365395472E+06 0.0000000000000E+00 0.0000000000000E+00 0.1650000000000E+02
A1443           0.12000000E+00
 0.4438891159219E+06 0.0000000000000E+00 0.0000000000000E+00 0.1650000000000E+02
A1444           0.12000000E+00
 0.3826890095975E+06 0.0000000000000E+00 0.0000000000000E+00 0.1650000000000E+02
A1445           0.12000000E+00
 0.3742025543435E+06 0.0000000000000E+00 0.0000000000000E+00 0.1650000000000E+02
A1446           0.12000000E+00
 0.8959982062861E+06 0.0000000000000E+00 0.0000000000000E+00 0.1650000000000E+02
A1447           0.12000000E+00
 0.8950896342216E+06 0.0000000000000E+00 0.0000000000000E+00 0.1650000000000E+02
A1448           0.12000000E+00
 0.2756614560266E+06 0.0000000000000E+00 0.0000000000000E+00 0.1650000000000E+02
A1449           0.12000000E+00
 0.2190862591747E+06 0.0000000000000E+00 0.0000000000000E+00 0.1650000000000E+02
A1450           0.12000000E+00
 0.2614285144294E+06 0.0000000000000E+00 0.0000000000000E+00 0.1650000000000E+02
A1451           0.12000000E+00
 0.8881738714232E+06 0.0000000000000E+00 0.0000000000000E+00 0.1650000000000E+02
A1452           0.12000000E+00
 0.2104291950376E+06 0.0000000000000E+00 0.0000000000000E+00 0.1650000000000E+02
A1453           0.12000000E+00
 0.4419669276509E+06 0.0000000000000E+00 0.0000000000000E+00 0.1650000000000E+02
A1454           0.12000000E+00
 0.6917462686318E+06 0.0000000000000E+00 0.0000000000000E+00 0.1650000000000E+02
A1455           0.12000000E+00
 0.3816846516864E+06 0.0000000000000E+00 0.0000000000000E+00 0.1650000000000E+02
A1456           0.12000000E+00
 0.8881738487080E+06 0.0000000000000E+00 0.0000000000000E+00 0.1650000000000E+02
A1457           0.12000000E+00
 0.7442812690393E+06 0.0000000000000E+00 0.0000000000000E+00 0.1650000000000E+02
A1458           0.12000000E+00
 0.7010804911401E+06 0.0000000000000E+00 0.0000000000000E+00 0.1650000000000E+02
A1459           0.12000000E+00
 0.8989339318492E+06 0.0000000000000E+00 0.0000000000000E+00 0.1650000000000E+02
A1460           0.12000000E+00
 0.6760403656728E+06 0.0000000000000E+00 0.0000000000000E+00 0.1650000000000E+02
A1461           0.12000000E+00
 0.4467892042488E+06 0.0000000000000E+00 0.0000000000000E+00 0.1650000000000E+02
A1462           0.12000000E+00
 0.2711664271322E+06 0.0000000000000E+00 0.0000000000000E+00 0.1650000000000E+02
A1463           0.12000000E+00
 0.4107265570653E+06 0.0000000000000E+00 0.0000000000000E+00 0.1650000000000E+02
A1464           0.12000000E+00
 0.8952679288439E+06 0.0000000000000E+00 0.0000000000000E+00 0.1650000000000E+02
A1465           0.12000000E+00
 0.8414984681120E+06 0.0000000000000E+00 0.0000000000000E+00 0.1650000000000E+02
A1466           0.12000000E+00
 0.7347747663147E+06 0.0000000000000E+00 0.0000000000000E+00 0.1650000000000E+02
A1467           0.12000000E+00
 0.2300885156561E+06 0.0000000000000E+00 0.0000000000000E+00 0.1650000000000E+02
A1468           0.12000000E+00
 0.4172217887374E+06 0.0000000000000E+00 0.0000000000000E+00 0.1650000000000E+02
A1469           0.12000000E+00
 0.2300886346268E+06 0.0000000000000E+00 0.0000000000000E+00 0.1650000000000E+02
A1470           0.12000000E+00
 0.3807667736731E+06 0.0000000000000E+00 0.0000000000000E+00 0.1650000000000E+02
A1471           0.12000000E+00
 0.2273366657806E+06 0.0000000000000E+00 0.0000000000000E+00 0.1650000000000E+02
A1472           0.12000000E+00
 0.2255935770111E+06 0.0000000000000E+00 0.0000000000000E+00 0.1650000000000E+02
A1473           0.12000000E+00
 0.2549211748915E+06 0.0000000000000E+00 0.0000000000000E+00 0.1650000000000E+02
A1474           0.12000000E+00
 0.8630910335784E+06 0.0000000000000E+00 0.0000000000000E+00 0.1650000000000E+02
A1475           0.12000000E+00
 0.7536124852632E+06 0.0000000000000E+00 0.0000000000000E+00 0.1650000000000E+02
A1476           0.12000000E+00
 0.4387902551645E+06 0.0000000000000E+00 0.0000000000000E+00 0.1650000000000E+02
A1477           0.12000000E+00
 0.7436931851303E+06 0.0000000000000E+00 0.0000000000000E+00 0.1650000000000E+02
A1478           0.12000000E+00
 0.8958973764335E+06 0.0000000000000E+00 0.0000000000000E+00 0.1650000000000E+02
A1479           0.12000000E+00
 0.3715970916019E+06 0.0000000000000E+00 0.0000000000000E+00 0.1650000000000E+02
A1480           0.12000000E+00
 0.3994774717597E+06 0.0000000000000E+00 0.0000000000000E+00 0.1650000000000E+02
A1481           0.12000000E+00
 0.7124683532719E+06 0.0000000000000E+00 0.0000000000000E+00 0.1650000000000E+02
A1482           0.12000000E+00
 0.8182957825403E+06 0.0000000000000E+00 0.0000000000000E+00 0.1650000000000E+02
A1483           0.12000000E+00
 0.8952679650099E+06 0.0000000000000E+00 0.0000000000000E+00 0.1650000000000E+02
A1484           0.12000000E+00
 0.9105610054397E+06 0.0000000000000E+00 0.0000000000000E+00 0.1650000000000E+02
A1485           0.12000000E+00
 0.8216458711475E+06 0.0000000000000E+00 0.0000000000000E+00 0.1650000000000E+02
A1486           0.12000000E+00
 0.8574881421994E+06 0.0000000000000E+00 0.0000000000000E+00 0.1650000000000E+02
A1487           0.12000000E+00
 0.2226931875832E+06 0.0000000000000E+00 0.0000000000000E+00 0.1650000000000E+02
A1488           0.12000000E+00
 0.3616762197608E+06 0.0000000000000E+00 0.0000000000000E+00 0.1650000000000E+02
A1489           0.12000000E+00
 0.2462639542030E+06 0.0000000000000E+00 0.0000000000000E+00 0.1650000000000E+02
A1490           0.12000000E+00
 0.4322825381054E+06 0.0000000000000E+00 0.0000000000000E+00 0.1650000000000E+02
A1491           0.12000000E+00
 0.3698541099404E+06 0.0000000000000E+00 0.0000000000000E+00 0.1650000000000E+02
A1492           0.12000000E+00
 0.3039488922332E+06 0.0000000000000E+00 0.0000000000000E+00 0.1650000000000E+02
A1493           0.12000000E+00
 0.8958559851301E+06 0.0000000000000E+00 0.0000000000000E+00 0.1650000000000E+02
A1494           0.12000000E+00
 0.8747181742714E+06 0.0000000000000E+00 0.0000000000000E+00 0.1650000000000E+02
A1495           0.12000000E+00
 0.6954342606168E+06 0.0000000000000E+00 0.0000000000000E+00 0.1650000000000E+02
A1496           0.12000000E+00
 0.2104290744000E+06 0.0000000000000E+00 0.0000000000000E+00 0.1650000000000E+02
A1497           0.12000000E+00
 0.4140788342979E+06 0.0000000000000E+00 0.0000000000000E+00 0.1650000000000E+02
A1498           0.12000000E+00
 0.6946266949036E+06 0.0000000000000E+00 0.0000000000000E+00 0.1650000000000E+02
A1499           0.12000000E+00
 0.2572750077882E+06 0.0000000000000E+00 0.0000000000000E+00 0.1650000000000E+02
A15 0           0.12000000E+00
 0.8958973594436E+06 0.0000000000000E+00 0.0000000000000E+00 0.1650000000000E+02
A15 1           0.12000000E+00
 0.2022942308781E+06 0.0000000000000E+00 0.0000000000000E+00 0.1650000000000E+02
A15 2           0.12000000E+00
 0.2931105075059E+06 0.0000000000000E+00 0.0000000000000E+00 0.1650000000000E+02
A15 3           0.12000000E+00
 0.4123359201353E+06 0.0000000000000E+00 0.0000000000000E+00 0.1650000000000E+02
A15 4           0.12000000E+00
 0.8959982092473E+06 0.0000000000000E+00 0.0000000000000E+00 0.1650000000000E+02
A15 5           0.12000000E+00
 0.7554713573920E+06 0.0000000000000E+00 0.0000000000000E+00 0.1650000000000E+02
A15 6           0.12000000E+00
 0.7554843034713E+06 0.0000000000000E+00 0.0000000000000E+00 0.1650000000000E+02
A15 7           0.12000000E+00
 0.2022942767466E+06 0.0000000000000E+00 0.0000000000000E+00 0.1650000000000E+02
A15 8           0.12000000E+00
 0.9083219106405E+06 0.0000000000000E+00 0.0000000000000E+00 0.1650000000000E+02
A15 9           0.12000000E+00
 0.8959981262193E+06 0.0000000000000E+00 0.0000000000000E+00 0.1650000000000E+02
A1510           0.12000000E+00
 0.8724788472404E+06 0.0000000000000E+00 0.0000000000000E+00 0.1650000000000E+02
A1511           0.12000000E+00
 0.3958014775334E+06 0.0000000000000E+00 0.0000000000000E+00 0.1650000000000E+02
A1512           0.12000000E+00
 0.3957887358857E+06 0.0000000000000E+00 0.0000000000000E+00 0.1650000000000E+02
A1513           0.12000000E+00
 0.2462639180452E+06 0.0000000000000E+00 0.0000000000000E+00 0.1650000000000E+02
A1514           0.12000000E+00
 0.8950897356015E+06 0.0000000000000E+00 0.0000000000000E+00 0.1650000000000E+02
A1515           0.12000000E+00
 0.9139254520869E+06 0.0000000000000E+00 0.0000000000000E+00 0.1650000000000E+02
A1516           0.12000000E+00
 0.9139249759800E+06 0.0000000000000E+00 0.0000000000000E+00 0.1650000000000E+02
A1517           0.12000000E+00
 0.7143272172071E+06 0.0000000000000E+00 0.0000000000000E+00 0.1650000000000E+02
A1518           0.12000000E+00
 0.7143400999309E+06 0.0000000000000E+00 0.0000000000000E+00 0.1650000000000E+02
A1519           0.12000000E+00
 0.8709794212441E+06 0.0000000000000E+00 0.0000000000000E+00 0.1650000000000E+02
A1520           0.12000000E+00
 0.9083222901517E+06 0.0000000000000E+00 0.0000000000000E+00 0.1650000000000E+02
A1521           0.12000000E+00
 0.8724795607458E+06 0.0000000000000E+00 0.0000000000000E+00 0.1650000000000E+02
A1522           0.12000000E+00
 0.2255936502720E+06 0.0000000000000E+00 0.0000000000000E+00 0.1650000000000E+02
A1523           0.12000000E+00
 0.2974414771124E+06 0.0000000000000E+00 0.0000000000000E+00 0.1650000000000E+02
A1524           0.12000000E+00
 0.2439667111479E+06 0.0000000000000E+00 0.0000000000000E+00 0.1650000000000E+02
A1525           0.12000000E+00
 0.8691292900587E+06 0.0000000000000E+00 0.0000000000000E+00 0.1650000000000E+02
A1526           0.12000000E+00
 0.3775860068681E+06 0.0000000000000E+00 0.0000000000000E+00 0.1650000000000E+02
A1527           0.12000000E+00
 0.4070492633835E+06 0.0000000000000E+00 0.0000000000000E+00 0.1650000000000E+02
A1528           0.12000000E+00
 0.7554716109963E+06 0.0000000000000E+00 0.0000000000000E+00 0.1650000000000E+02
A1529           0.12000000E+00
 0.7129636209174E+06 0.0000000000000E+00 0.0000000000000E+00 0.1650000000000E+02
A1530           0.12000000E+00
 0.7554839446263E+06 0.0000000000000E+00 0.0000000000000E+00 0.1650000000000E+02
A1531           0.12000000E+00
 0.7129760251502E+06 0.0000000000000E+00 0.0000000000000E+00 0.1650000000000E+02
A1532           0.12000000E+00
 0.9068223929439E+06 0.0000000000000E+00 0.0000000000000E+00 0.1650000000000E+02
A1533           0.12000000E+00
 0.3579999634755E+06 0.0000000000000E+00 0.0000000000000E+00 0.1650000000000E+02
A1534           0.12000000E+00
 0.3580002553938E+06 0.0000000000000E+00 0.0000000000000E+00 0.1650000000000E+02
A1535           0.12000000E+00
 0.2022944278620E+06 0.0000000000000E+00 0.0000000000000E+00 0.1650000000000E+02
A1536           0.12000000E+00
 0.2907564885675E+06 0.0000000000000E+00 0.0000000000000E+00 0.1650000000000E+02
A1537           0.12000000E+00
 0.3952155909654E+06 0.0000000000000E+00 0.0000000000000E+00 0.1650000000000E+02
A1538           0.12000000E+00
 0.3952029621160E+06 0.0000000000000E+00 0.0000000000000E+00 0.1650000000000E+02
A1539           0.12000000E+00
 0.8709791835123E+06 0.0000000000000E+00 0.0000000000000E+00 0.1650000000000E+02
A1540           0.12000000E+00
 0.7418430238528E+06 0.0000000000000E+00 0.0000000000000E+00 0.1650000000000E+02
A1541           0.12000000E+00
 0.8272487811994E+06 0.0000000000000E+00 0.0000000000000E+00 0.1650000000000E+02
A1542           0.12000000E+00
 0.8958560096510E+06 0.0000000000000E+00 0.0000000000000E+00 0.1650000000000E+02
A1543           0.12000000E+00
 0.9139250985355E+06 0.0000000000000E+00 0.0000000000000E+00 0.1650000000000E+02
A1544           0.12000000E+00
 0.3574142216589E+06 0.0000000000000E+00 0.0000000000000E+00 0.1650000000000E+02
A1545           0.12000000E+00
 0.3574144498210E+06 0.0000000000000E+00 0.0000000000000E+00 0.1650000000000E+02
A1546           0.12000000E+00
 0.2120319648779E+06 0.0000000000000E+00 0.0000000000000E+00 0.1650000000000E+02
A1547           0.12000000E+00
 0.2045505067619E+06 0.0000000000000E+00 0.0000000000000E+00 0.1650000000000E+02
A1548           0.12000000E+00
 0.2045503954763E+06 0.0000000000000E+00 0.0000000000000E+00 0.1650000000000E+02
A1549           0.12000000E+00
 0.4292541324651E+06 0.0000000000000E+00 0.0000000000000E+00 0.1650000000000E+02
A1550           0.12000000E+00
 0.8691289932023E+06 0.0000000000000E+00 0.0000000000000E+00 0.1650000000000E+02
A1551           0.12000000E+00
 0.3136869458504E+06 0.0000000000000E+00 0.0000000000000E+00 0.1650000000000E+02
A1552           0.12000000E+00
 0.2448137767737E+06 0.0000000000000E+00 0.0000000000000E+00 0.1650000000000E+02
A1553           0.12000000E+00
 0.9083219170108E+06 0.0000000000000E+00 0.0000000000000E+00 0.1650000000000E+02
A1554           0.12000000E+00
 0.2046481221061E+06 0.0000000000000E+00 0.0000000000000E+00 0.1650000000000E+02
A1555           0.12000000E+00
 0.2104290186096E+06 0.0000000000000E+00 0.0000000000000E+00 0.1650000000000E+02
A1556           0.12000000E+00
 0.2403852218184E+06 0.0000000000000E+00 0.0000000000000E+00 0.1650000000000E+02
A1557           0.12000000E+00
 0.2403850903323E+06 0.0000000000000E+00 0.0000000000000E+00 0.1650000000000E+02
A1558           0.12000000E+00
 0.9083222796968E+06 0.0000000000000E+00 0.0000000000000E+00 0.1650000000000E+02
A1559           0.12000000E+00
 0.2104293607736E+06 0.0000000000000E+00 0.0000000000000E+00 0.1650000000000E+02
A1560           0.12000000E+00
 0.9075963364715E+06 0.0000000000000E+00 0.0000000000000E+00 0.1650000000000E+02
A1561           0.12000000E+00
 0.2120319005841E+06 0.0000000000000E+00 0.0000000000000E+00 0.1650000000000E+02
A1562           0.12000000E+00
 0.7446603851465E+06 0.0000000000000E+00 0.0000000000000E+00 0.1650000000000E+02
A1563           0.12000000E+00
 0.2046481193974E+06 0.0000000000000E+00 0.0000000000000E+00 0.1650000000000E+02
A1564           0.12000000E+00
 0.6508862632468E+06 0.0000000000000E+00 0.0000000000000E+00 0.1650000000000E+02
A1565           0.12000000E+00
 0.6522499238336E+06 0.0000000000000E+00 0.0000000000000E+00 0.1650000000000E+02
A1566           0.12000000E+00
 0.6508988711636E+06 0.0000000000000E+00 0.0000000000000E+00 0.1650000000000E+02
A1567           0.12000000E+00
 0.6522627356994E+06 0.0000000000000E+00 0.0000000000000E+00 0.1650000000000E+02
A1568           0.12000000E+00
 0.9049722281065E+06 0.0000000000000E+00 0.0000000000000E+00 0.1650000000000E+02
A1569           0.12000000E+00
 0.4578736060641E+06 0.0000000000000E+00 0.0000000000000E+00 0.1650000000000E+02
A1570           0.12000000E+00
 0.2190864563834E+06 0.0000000000000E+00 0.0000000000000E+00 0.1650000000000E+02
A1571           0.12000000E+00
 0.2864869415880E+06 0.0000000000000E+00 0.0000000000000E+00 0.1650000000000E+02
A1572           0.12000000E+00
 0.4578606789380E+06 0.0000000000000E+00 0.0000000000000E+00 0.1650000000000E+02
A1573           0.12000000E+00
 0.2404829340192E+06 0.0000000000000E+00 0.0000000000000E+00 0.1650000000000E+02
A1574           0.12000000E+00
 0.4572876744779E+06 0.0000000000000E+00 0.0000000000000E+00 0.1650000000000E+02
A1575           0.12000000E+00
 0.4572750090293E+06 0.0000000000000E+00 0.0000000000000E+00 0.1650000000000E+02
A1576           0.12000000E+00
 0.9105606726392E+06 0.0000000000000E+00 0.0000000000000E+00 0.1650000000000E+02
A1577           0.12000000E+00
 0.2448140115650E+06 0.0000000000000E+00 0.0000000000000E+00 0.1650000000000E+02
A1578           0.12000000E+00
 0.9105609547746E+06 0.0000000000000E+00 0.0000000000000E+00 0.1650000000000E+02
A1579           0.12000000E+00
 0.3640302751718E+06 0.0000000000000E+00 0.0000000000000E+00 0.1650000000000E+02
A1580           0.12000000E+00
 0.2105259652589E+06 0.0000000000000E+00 0.0000000000000E+00 0.1650000000000E+02
A1581           0.12000000E+00
 0.2105259596868E+06 0.0000000000000E+00 0.0000000000000E+00 0.1650000000000E+02
A1582           0.12000000E+00
 0.2404830149083E+06 0.0000000000000E+00 0.0000000000000E+00 0.1650000000000E+02
A1583           0.12000000E+00
 0.9068223671921E+06 0.0000000000000E+00 0.0000000000000E+00 0.1650000000000E+02
A1584           0.12000000E+00
 0.7446592184082E+06 0.0000000000000E+00 0.0000000000000E+00 0.1650000000000E+02
A1585           0.12000000E+00
 0.9075964761917E+06 0.0000000000000E+00 0.0000000000000E+00 0.1650000000000E+02
A1586           0.12000000E+00
 0.8780818283867E+06 0.0000000000000E+00 0.0000000000000E+00 0.1650000000000E+02
A1587           0.12000000E+00
 0.8780817928735E+06 0.0000000000000E+00 0.0000000000000E+00 0.1650000000000E+02
A1588           0.12000000E+00
 0.2381285762418E+06 0.0000000000000E+00 0.0000000000000E+00 0.1650000000000E+02
A1589           0.12000000E+00
 0.2381286400255E+06 0.0000000000000E+00 0.0000000000000E+00 0.1650000000000E+02
A1590           0.12000000E+00
 0.2381286840395E+06 0.0000000000000E+00 0.0000000000000E+00 0.1650000000000E+02
A1591           0.12000000E+00
 0.2381287035199E+06 0.0000000000000E+00 0.0000000000000E+00 0.1650000000000E+02
A1592           0.12000000E+00
 0.8780823933269E+06 0.0000000000000E+00 0.0000000000000E+00 0.1650000000000E+02
A1593           0.12000000E+00
 0.8780821545391E+06 0.0000000000000E+00 0.0000000000000E+00 0.1650000000000E+02
A1594           0.12000000E+00
 0.8989339571810E+06 0.0000000000000E+00 0.0000000000000E+00 0.1650000000000E+02
A1595           0.12000000E+00
 0.2120318870899E+06 0.0000000000000E+00 0.0000000000000E+00 0.1650000000000E+02
A1596           0.12000000E+00
 0.3641505258298E+06 0.0000000000000E+00 0.0000000000000E+00 0.1650000000000E+02
A1597           0.12000000E+00
 0.9049719983343E+06 0.0000000000000E+00 0.0000000000000E+00 0.1650000000000E+02
A1598           0.12000000E+00
 0.9068222888572E+06 0.0000000000000E+00 0.0000000000000E+00 0.1650000000000E+02
A1599           0.12000000E+00
 0.2045503790196E+06 0.0000000000000E+00 0.0000000000000E+00 0.1650000000000E+02
A16 0           0.12000000E+00
 0.2045504134154E+06 0.0000000000000E+00 0.0000000000000E+00 0.1650000000000E+02
A16 1           0.12000000E+00
 0.2046481837697E+06 0.0000000000000E+00 0.0000000000000E+00 0.1650000000000E+02
A16 2           0.12000000E+00
 0.2046482290043E+06 0.0000000000000E+00 0.0000000000000E+00 0.1650000000000E+02
A16 3           0.12000000E+00
 0.9167823039319E+06 0.0000000000000E+00 0.0000000000000E+00 0.1650000000000E+02
A16 4           0.12000000E+00
 0.2545515194556E+06 0.0000000000000E+00 0.0000000000000E+00 0.1650000000000E+02
A16 5           0.12000000E+00
 0.1983943764290E+06 0.0000000000000E+00 0.0000000000000E+00 0.1650000000000E+02
A16 6           0.12000000E+00
 0.3710785406532E+06 0.0000000000000E+00 0.0000000000000E+00 0.1650000000000E+02
A16 7           0.12000000E+00
 0.2089790684174E+06 0.0000000000000E+00 0.0000000000000E+00 0.1650000000000E+02
A16 8           0.12000000E+00
 0.2022944658828E+06 0.0000000000000E+00 0.0000000000000E+00 0.1650000000000E+02
A16 9           0.12000000E+00
 0.2870806528623E+06 0.0000000000000E+00 0.0000000000000E+00 0.1650000000000E+02
A1610           0.12000000E+00
 0.2870805615214E+06 0.0000000000000E+00 0.0000000000000E+00 0.1650000000000E+02
A1611           0.12000000E+00
 0.2022944557635E+06 0.0000000000000E+00 0.0000000000000E+00 0.1650000000000E+02
A1612           0.12000000E+00
 0.2870808393020E+06 0.0000000000000E+00 0.0000000000000E+00 0.1650000000000E+02
A1613           0.12000000E+00
 0.2870806724373E+06 0.0000000000000E+00 0.0000000000000E+00 0.1650000000000E+02
A1614           0.12000000E+00
 0.9139252799068E+06 0.0000000000000E+00 0.0000000000000E+00 0.1650000000000E+02
A1615           0.12000000E+00
 0.9167824625336E+06 0.0000000000000E+00 0.0000000000000E+00 0.1650000000000E+02
A1616           0.12000000E+00
 0.2022944104256E+06 0.0000000000000E+00 0.0000000000000E+00 0.1650000000000E+02
A1617           0.12000000E+00
 0.2022944391726E+06 0.0000000000000E+00 0.0000000000000E+00 0.1650000000000E+02
A1618           0.12000000E+00
 0.9139249308966E+06 0.0000000000000E+00 0.0000000000000E+00 0.1650000000000E+02
A1619           0.12000000E+00
 0.2022943767765E+06 0.0000000000000E+00 0.0000000000000E+00 0.1650000000000E+02
A1620           0.12000000E+00
 0.8291202565696E+06 0.0000000000000E+00 0.0000000000000E+00 0.1650000000000E+02
A1621           0.12000000E+00
 0.8291207757363E+06 0.0000000000000E+00 0.0000000000000E+00 0.1650000000000E+02
A1622           0.12000000E+00
 0.9139249838533E+06 0.0000000000000E+00 0.0000000000000E+00 0.1650000000000E+02
A1623           0.12000000E+00
 0.2022943493018E+06 0.0000000000000E+00 0.0000000000000E+00 0.1650000000000E+02
A1624           0.12000000E+00
 0.9139249320627E+06 0.0000000000000E+00 0.0000000000000E+00 0.1650000000000E+02
A1625           0.12000000E+00
 0.9139254785968E+06 0.0000000000000E+00 0.0000000000000E+00 0.1650000000000E+02
A1626           0.12000000E+00
 0.9139250004490E+06 0.0000000000000E+00 0.0000000000000E+00 0.1650000000000E+02
A1627           0.12000000E+00
 0.2022944993118E+06 0.0000000000000E+00 0.0000000000000E+00 0.1650000000000E+02
A1628           0.12000000E+00
 0.9139255438540E+06 0.0000000000000E+00 0.0000000000000E+00 0.1650000000000E+02
A1629           0.12000000E+00
 0.2022944057268E+06 0.0000000000000E+00 0.0000000000000E+00 0.1650000000000E+02
A1630           0.12000000E+00
 0.9139252468392E+06 0.0000000000000E+00 0.0000000000000E+00 0.1650000000000E+02
A1631           0.12000000E+00
 0.8291205802461E+06 0.0000000000000E+00 0.0000000000000E+00 0.1650000000000E+02
A1632           0.12000000E+00
 0.8291202832691E+06 0.0000000000000E+00 0.0000000000000E+00 0.1650000000000E+02
A1633           0.12000000E+00
 0.2089790145679E+06 0.0000000000000E+00 0.0000000000000E+00 0.1650000000000E+02
A1634           0.12000000E+00
 0.1983945157163E+06 0.0000000000000E+00 0.0000000000000E+00 0.1650000000000E+02
A1635           0.12000000E+00
 0.4985811673382E+06 0.0000000000000E+00 0.0000000000000E+00 0.1650000000000E+02
A1636           0.12000000E+00
 0.5527363592917E+06 0.0000000000000E+00 0.0000000000000E+00 0.1650000000000E+02
A1637           0.12000000E+00
 0.2821930905018E+06 0.0000000000000E+00 0.0000000000000E+00 0.1650000000000E+02
A1638           0.12000000E+00
 0.3484070019304E+06 0.0000000000000E+00 0.0000000000000E+00 0.1650000000000E+02
A1639           0.12000000E+00
 0.3051642231665E+06 0.0000000000000E+00 0.0000000000000E+00 0.1650000000000E+02
A1640           0.12000000E+00
 0.2611936853498E+06 0.0000000000000E+00 0.0000000000000E+00 0.1650000000000E+02
A1641           0.12000000E+00
 0.3243014099510E+06 0.0000000000000E+00 0.0000000000000E+00 0.1650000000000E+02
A1642           0.12000000E+00
 0.8959980525980E+06 0.0000000000000E+00 0.0000000000000E+00 0.1650000000000E+02
A1643           0.12000000E+00
 0.8420864201848E+06 0.0000000000000E+00 0.0000000000000E+00 0.1650000000000E+02
A1644           0.12000000E+00
 0.6778864123869E+06 0.0000000000000E+00 0.0000000000000E+00 0.1650000000000E+02
A1645           0.12000000E+00
 0.6816436914460E+06 0.0000000000000E+00 0.0000000000000E+00 0.1650000000000E+02
A1646           0.12000000E+00
 0.8747179753354E+06 0.0000000000000E+00 0.0000000000000E+00 0.1650000000000E+02
A1647           0.12000000E+00
 0.9139250591332E+06 0.0000000000000E+00 0.0000000000000E+00 0.1650000000000E+02
A1648           0.12000000E+00
 0.2909663219247E+06 0.0000000000000E+00 0.0000000000000E+00 0.1650000000000E+02
A1649           0.12000000E+00
 0.2300886642802E+06 0.0000000000000E+00 0.0000000000000E+00 0.1650000000000E+02
A1650           0.12000000E+00
 0.9049720323940E+06 0.0000000000000E+00 0.0000000000000E+00 0.1650000000000E+02
A1651           0.12000000E+00
 0.8719862789243E+06 0.0000000000000E+00 0.0000000000000E+00 0.1650000000000E+02
A1652           0.12000000E+00
 0.2615008788288E+06 0.0000000000000E+00 0.0000000000000E+00 0.1650000000000E+02
A1653           0.12000000E+00
 0.3040212898720E+06 0.0000000000000E+00 0.0000000000000E+00 0.1650000000000E+02
A1654           0.12000000E+00
 0.4019657742420E+06 0.0000000000000E+00 0.0000000000000E+00 0.1650000000000E+02
A1655           0.12000000E+00
 0.3828282829263E+06 0.0000000000000E+00 0.0000000000000E+00 0.1650000000000E+02
A1656           0.14000000E+00
 0.1664600000000E+06 0.0000000000000E+00 0.0000000000000E+00 0.1650000000000E+02
A1657           0.14000000E+00
 0.1664600000000E+06 0.0000000000000E+00 0.0000000000000E+00 0.1650000000000E+02
A1658           0.14000000E+00
 0.1664600000000E+06 0.0000000000000E+00 0.0000000000000E+00 0.1650000000000E+02
A1659           0.14000000E+00
 0.1664600000000E+06 0.0000000000000E+00 0.0000000000000E+00 0.1650000000000E+02
A1660           0.14000000E+00
 0.1664600000000E+06 0.0000000000000E+00 0.0000000000000E+00 0.1650000000000E+02
A1661           0.14000000E+00
 0.1664600000000E+06 0.0000000000000E+00 0.0000000000000E+00 0.1650000000000E+02
A1662           0.14000000E+00
 0.1664600000000E+06 0.0000000000000E+00 0.0000000000000E+00 0.1650000000000E+02
A1663           0.14000000E+00
 0.1664600000000E+06 0.0000000000000E+00 0.0000000000000E+00 0.1650000000000E+02
A1664           0.14000000E+00
 0.1664600000000E+06 0.0000000000000E+00 0.0000000000000E+00 0.1650000000000E+02
A1665           0.14000000E+00
 0.1664600000000E+06 0.0000000000000E+00 0.0000000000000E+00 0.1650000000000E+02
A1666           0.14000000E+00
 0.1664600000000E+06 0.0000000000000E+00 0.0000000000000E+00 0.1650000000000E+02
A1667           0.14000000E+00
 0.1664600000000E+06 0.0000000000000E+00 0.0000000000000E+00 0.1650000000000E+02
A1668           0.14000000E+00
 0.1664600000000E+06 0.0000000000000E+00 0.0000000000000E+00 0.1650000000000E+02
A1669           0.14000000E+00
 0.1664600000000E+06 0.0000000000000E+00 0.0000000000000E+00 0.1650000000000E+02
A1670           0.14000000E+00
 0.1664600000000E+06 0.0000000000000E+00 0.0000000000000E+00 0.1650000000000E+02
A1671           0.14000000E+00
 0.1664600000000E+06 0.0000000000000E+00 0.0000000000000E+00 0.1650000000000E+02
A1672           0.14000000E+00
 0.1664600000000E+06 0.0000000000000E+00 0.0000000000000E+00 0.1650000000000E+02
A1673           0.14000000E+00
 0.1664600000000E+06 0.0000000000000E+00 0.0000000000000E+00 0.1650000000000E+02
A1674           0.14000000E+00
 0.1664600000000E+06 0.0000000000000E+00 0.0000000000000E+00 0.1650000000000E+02
A1675           0.14000000E+00
 0.1664600000000E+06 0.0000000000000E+00 0.0000000000000E+00 0.1650000000000E+02
A1676           0.14000000E+00
 0.1664600000000E+06 0.0000000000000E+00 0.0000000000000E+00 0.1650000000000E+02
A1677           0.14000000E+00
 0.1664600000000E+06 0.0000000000000E+00 0.0000000000000E+00 0.1650000000000E+02
A1678           0.14000000E+00
 0.1664600000000E+06 0.0000000000000E+00 0.0000000000000E+00 0.1650000000000E+02
A1679           0.14000000E+00
 0.1664600000000E+06 0.0000000000000E+00 0.0000000000000E+00 0.1650000000000E+02
A1680           0.14000000E+00
 0.1664600000000E+06 0.0000000000000E+00 0.0000000000000E+00 0.1650000000000E+02
A1681           0.14000000E+00
 0.1664600000000E+06 0.0000000000000E+00 0.0000000000000E+00 0.1650000000000E+02
A1682           0.14000000E+00
 0.1664600000000E+06 0.0000000000000E+00 0.0000000000000E+00 0.1650000000000E+02
A1683           0.14000000E+00
 0.1664600000000E+06 0.0000000000000E+00 0.0000000000000E+00 0.1650000000000E+02
A1684           0.14000000E+00
 0.1664600000000E+06 0.0000000000000E+00 0.0000000000000E+00 0.1650000000000E+02
A1685           0.14000000E+00
 0.1664600000000E+06 0.0000000000000E+00 0.0000000000000E+00 0.1650000000000E+02
A1686           0.14000000E+00
 0.1664600000000E+06 0.0000000000000E+00 0.0000000000000E+00 0.1650000000000E+02
A1687           0.14000000E+00
 0.1664600000000E+06 0.0000000000000E+00 0.0000000000000E+00 0.1650000000000E+02
A1688           0.14000000E+00
 0.1664600000000E+06 0.0000000000000E+00 0.0000000000000E+00 0.1650000000000E+02
A1689           0.14000000E+00
 0.1664600000000E+06 0.0000000000000E+00 0.0000000000000E+00 0.1650000000000E+02
A1690           0.14000000E+00
 0.1664600000000E+06 0.0000000000000E+00 0.0000000000000E+00 0.1650000000000E+02
A1691           0.14000000E+00
 0.1664600000000E+06 0.0000000000000E+00 0.0000000000000E+00 0.1650000000000E+02
A1692           0.14000000E+00
 0.1664600000000E+06 0.0000000000000E+00 0.0000000000000E+00 0.1650000000000E+02
A1693           0.14000000E+00
 0.1664600000000E+06 0.0000000000000E+00 0.0000000000000E+00 0.1650000000000E+02
A1694           0.14000000E+00
 0.1664600000000E+06 0.0000000000000E+00 0.0000000000000E+00 0.1650000000000E+02
A1695           0.14000000E+00
 0.1664600000000E+06 0.0000000000000E+00 0.0000000000000E+00 0.1650000000000E+02
A1696           0.14000000E+00
 0.1664600000000E+06 0.0000000000000E+00 0.0000000000000E+00 0.1650000000000E+02
A1697           0.14000000E+00
 0.1664600000000E+06 0.0000000000000E+00 0.0000000000000E+00 0.1650000000000E+02
A1698           0.14000000E+00
 0.1664600000000E+06 0.0000000000000E+00 0.0000000000000E+00 0.1650000000000E+02
A1699           0.14000000E+00
 0.1664600000000E+06 0.0000000000000E+00 0.0000000000000E+00 0.1650000000000E+02
A17 0           0.14000000E+00
 0.1664600000000E+06 0.0000000000000E+00 0.0000000000000E+00 0.1650000000000E+02
A17 1           0.14000000E+00
 0.1664600000000E+06 0.0000000000000E+00 0.0000000000000E+00 0.1650000000000E+02
A17 2           0.14000000E+00
 0.1664600000000E+06 0.0000000000000E+00 0.0000000000000E+00 0.1650000000000E+02
A17 3           0.14000000E+00
 0.1664600000000E+06 0.0000000000000E+00 0.0000000000000E+00 0.1650000000000E+02
A17 4           0.14000000E+00
 0.1664600000000E+06 0.0000000000000E+00 0.0000000000000E+00 0.1650000000000E+02
A17 5           0.14000000E+00
 0.1664600000000E+06 0.0000000000000E+00 0.0000000000000E+00 0.1650000000000E+02
A17 6           0.14000000E+00
 0.1664600000000E+06 0.0000000000000E+00 0.0000000000000E+00 0.1650000000000E+02
A17 7           0.14000000E+00
 0.1664600000000E+06 0.0000000000000E+00 0.0000000000000E+00 0.1650000000000E+02
A17 8           0.14000000E+00
 0.1664600000000E+06 0.0000000000000E+00 0.0000000000000E+00 0.1650000000000E+02
A17 9           0.14000000E+00
 0.1664600000000E+06 0.0000000000000E+00 0.0000000000000E+00 0.1650000000000E+02
A1710           0.14000000E+00
 0.1664600000000E+06 0.0000000000000E+00 0.0000000000000E+00 0.1650000000000E+02
A1711           0.14000000E+00
 0.1664600000000E+06 0.0000000000000E+00 0.0000000000000E+00 0.1650000000000E+02
A1712           0.14000000E+00
 0.1664600000000E+06 0.0000000000000E+00 0.0000000000000E+00 0.1650000000000E+02
A1713           0.14000000E+00
 0.1664600000000E+06 0.0000000000000E+00 0.0000000000000E+00 0.1650000000000E+02
A1714           0.14000000E+00
 0.1664600000000E+06 0.0000000000000E+00 0.0000000000000E+00 0.1650000000000E+02
A1715           0.14000000E+00
 0.1664600000000E+06 0.0000000000000E+00 0.0000000000000E+00 0.1650000000000E+02
A1716           0.14000000E+00
 0.1664600000000E+06 0.0000000000000E+00 0.0000000000000E+00 0.1650000000000E+02
A1717           0.14000000E+00
 0.1664600000000E+06 0.0000000000000E+00 0.0000000000000E+00 0.1650000000000E+02
A1718           0.14000000E+00
 0.1664600000000E+06 0.0000000000000E+00 0.0000000000000E+00 0.1650000000000E+02
A1719           0.14000000E+00
 0.1664600000000E+06 0.0000000000000E+00 0.0000000000000E+00 0.1650000000000E+02
A1720           0.14000000E+00
 0.1664600000000E+06 0.0000000000000E+00 0.0000000000000E+00 0.1650000000000E+02
A1721           0.14000000E+00
 0.1664600000000E+06 0.0000000000000E+00 0.0000000000000E+00 0.1650000000000E+02
A1722           0.14000000E+00
 0.9693544240398E+06 0.0000000000000E+00 0.0000000000000E+00 0.1650000000000E+02
A1723           0.14000000E+00
 0.9693542532490E+06 0.0000000000000E+00 0.0000000000000E+00 0.1650000000000E+02
A1724           0.14000000E+00
 0.9693540542641E+06 0.0000000000000E+00 0.0000000000000E+00 0.1650000000000E+02
A1725           0.14000000E+00
 0.9693542218686E+06 0.0000000000000E+00 0.0000000000000E+00 0.1650000000000E+02
A1726           0.14000000E+00
 0.9693543750283E+06 0.0000000000000E+00 0.0000000000000E+00 0.1650000000000E+02
A1727           0.14000000E+00
 0.9693539876969E+06 0.0000000000000E+00 0.0000000000000E+00 0.1650000000000E+02
A1728           0.14000000E+00
 0.9693542110334E+06 0.0000000000000E+00 0.0000000000000E+00 0.1650000000000E+02
A1729           0.14000000E+00
 0.9693542253995E+06 0.0000000000000E+00 0.0000000000000E+00 0.1650000000000E+02
A1730           0.14000000E+00
 0.9693542476271E+06 0.0000000000000E+00 0.0000000000000E+00 0.1650000000000E+02
A1731           0.14000000E+00
 0.9693542363438E+06 0.0000000000000E+00 0.0000000000000E+00 0.1650000000000E+02
A1732           0.14000000E+00
 0.9693542593222E+06 0.0000000000000E+00 0.0000000000000E+00 0.1650000000000E+02
A1733           0.14000000E+00
 0.9693541106697E+06 0.0000000000000E+00 0.0000000000000E+00 0.1650000000000E+02
A1734           0.14000000E+00
 0.9693542056542E+06 0.0000000000000E+00 0.0000000000000E+00 0.1650000000000E+02
A1735           0.14000000E+00
 0.9693542317155E+06 0.0000000000000E+00 0.0000000000000E+00 0.1650000000000E+02
A1736           0.14000000E+00
 0.9693541395571E+06 0.0000000000000E+00 0.0000000000000E+00 0.1650000000000E+02
A1737           0.14000000E+00
 0.9693543475928E+06 0.0000000000000E+00 0.0000000000000E+00 0.1650000000000E+02
A1738           0.14000000E+00
 0.9693543309667E+06 0.0000000000000E+00 0.0000000000000E+00 0.1650000000000E+02
A1739           0.14000000E+00
 0.9693544028459E+06 0.0000000000000E+00 0.0000000000000E+00 0.1650000000000E+02
A1740           0.14000000E+00
 0.9693541742611E+06 0.0000000000000E+00 0.0000000000000E+00 0.1650000000000E+02
A1741           0.14000000E+00
 0.9693542373841E+06 0.0000000000000E+00 0.0000000000000E+00 0.1650000000000E+02
A1742           0.14000000E+00
 0.9693542272456E+06 0.0000000000000E+00 0.0000000000000E+00 0.1650000000000E+02
A1743           0.14000000E+00
 0.9693540437141E+06 0.0000000000000E+00 0.0000000000000E+00 0.1650000000000E+02
A1744           0.14000000E+00
 0.9693540505541E+06 0.0000000000000E+00 0.0000000000000E+00 0.1650000000000E+02
A1745           0.14000000E+00
 0.9693543667242E+06 0.0000000000000E+00 0.0000000000000E+00 0.1650000000000E+02
A1746           0.14000000E+00
 0.9693541662874E+06 0.0000000000000E+00 0.0000000000000E+00 0.1650000000000E+02
A1747           0.14000000E+00
 0.9693541950696E+06 0.0000000000000E+00 0.0000000000000E+00 0.1650000000000E+02
A1748           0.14000000E+00
 0.9693541259815E+06 0.0000000000000E+00 0.0000000000000E+00 0.1650000000000E+02
A1749           0.14000000E+00
 0.9693543752452E+06 0.0000000000000E+00 0.0000000000000E+00 0.1650000000000E+02
A1750           0.14000000E+00
 0.9693539604039E+06 0.0000000000000E+00 0.0000000000000E+00 0.1650000000000E+02
A1751           0.14000000E+00
 0.9693541063831E+06 0.0000000000000E+00 0.0000000000000E+00 0.1650000000000E+02
A1752           0.14000000E+00
 0.9693540881439E+06 0.0000000000000E+00 0.0000000000000E+00 0.1650000000000E+02
A1753           0.14000000E+00
 0.9693541114158E+06 0.0000000000000E+00 0.0000000000000E+00 0.1650000000000E+02
A1754           0.14000000E+00
 0.9693543061120E+06 0.0000000000000E+00 0.0000000000000E+00 0.1650000000000E+02
A1755           0.14000000E+00
 0.9693540076568E+06 0.0000000000000E+00 0.0000000000000E+00 0.1650000000000E+02
A1756           0.14000000E+00
 0.9693540624741E+06 0.0000000000000E+00 0.0000000000000E+00 0.1650000000000E+02
A1757           0.14000000E+00
 0.9693543074737E+06 0.0000000000000E+00 0.0000000000000E+00 0.1650000000000E+02
A1758           0.14000000E+00
 0.9693543195331E+06 0.0000000000000E+00 0.0000000000000E+00 0.1650000000000E+02
A1759           0.14000000E+00
 0.9693540040687E+06 0.0000000000000E+00 0.0000000000000E+00 0.1650000000000E+02
A1760           0.14000000E+00
 0.9693545410784E+06 0.0000000000000E+00 0.0000000000000E+00 0.1650000000000E+02
A1761           0.14000000E+00
 0.9693545707634E+06 0.0000000000000E+00 0.0000000000000E+00 0.1650000000000E+02
A1762           0.14000000E+00
 0.9693540810117E+06 0.0000000000000E+00 0.0000000000000E+00 0.1650000000000E+02
A1763           0.14000000E+00
 0.9693542366243E+06 0.0000000000000E+00 0.0000000000000E+00 0.1650000000000E+02
A1764           0.14000000E+00
 0.9693540037683E+06 0.0000000000000E+00 0.0000000000000E+00 0.1650000000000E+02
A1765           0.14000000E+00
 0.9693541216940E+06 0.0000000000000E+00 0.0000000000000E+00 0.1650000000000E+02
A1766           0.14000000E+00
 0.9693542124351E+06 0.0000000000000E+00 0.0000000000000E+00 0.1650000000000E+02
A1767           0.14000000E+00
 0.9693542663906E+06 0.0000000000000E+00 0.0000000000000E+00 0.1650000000000E+02
A1768           0.14000000E+00
 0.9693543706680E+06 0.0000000000000E+00 0.0000000000000E+00 0.1650000000000E+02
A1769           0.14000000E+00
 0.9693542382965E+06 0.0000000000000E+00 0.0000000000000E+00 0.1650000000000E+02
A1770           0.14000000E+00
 0.9693543088200E+06 0.0000000000000E+00 0.0000000000000E+00 0.1650000000000E+02
A1771           0.14000000E+00
 0.9693542234737E+06 0.0000000000000E+00 0.0000000000000E+00 0.1650000000000E+02
A1772           0.14000000E+00
 0.9693543055376E+06 0.0000000000000E+00 0.0000000000000E+00 0.1650000000000E+02
A1773           0.14000000E+00
 0.9693542122753E+06 0.0000000000000E+00 0.0000000000000E+00 0.1650000000000E+02
A1774           0.14000000E+00
 0.9693540868047E+06 0.0000000000000E+00 0.0000000000000E+00 0.1650000000000E+02
A1775           0.14000000E+00
 0.9693540587258E+06 0.0000000000000E+00 0.0000000000000E+00 0.1650000000000E+02
A1776           0.14000000E+00
 0.9693544247072E+06 0.0000000000000E+00 0.0000000000000E+00 0.1650000000000E+02
A1777           0.14000000E+00
 0.9693541711834E+06 0.0000000000000E+00 0.0000000000000E+00 0.1650000000000E+02
A1778           0.14000000E+00
 0.9693542550165E+06 0.0000000000000E+00 0.0000000000000E+00 0.1650000000000E+02
A1779           0.14000000E+00
 0.9693540224813E+06 0.0000000000000E+00 0.0000000000000E+00 0.1650000000000E+02
A1780           0.14000000E+00
 0.9693544722816E+06 0.0000000000000E+00 0.0000000000000E+00 0.1650000000000E+02
A1781           0.14000000E+00
 0.9693542359110E+06 0.0000000000000E+00 0.0000000000000E+00 0.1650000000000E+02
A1782           0.14000000E+00
 0.9693542278726E+06 0.0000000000000E+00 0.0000000000000E+00 0.1650000000000E+02
A1783           0.14000000E+00
 0.9693540064989E+06 0.0000000000000E+00 0.0000000000000E+00 0.1650000000000E+02
A1784           0.14000000E+00
 0.9693541557315E+06 0.0000000000000E+00 0.0000000000000E+00 0.1650000000000E+02
A1785           0.14000000E+00
 0.9693544569390E+06 0.0000000000000E+00 0.0000000000000E+00 0.1650000000000E+02
A1786           0.14000000E+00
 0.9693542486654E+06 0.0000000000000E+00 0.0000000000000E+00 0.1650000000000E+02
A1787           0.14000000E+00
 0.9693540959383E+06 0.0000000000000E+00 0.0000000000000E+00 0.1650000000000E+02
A1788           0.14000000E+00
 0.9693542815260E+06 0.0000000000000E+00 0.0000000000000E+00 0.1650000000000E+02
A1789           0.14000000E+00
 0.9693542530581E+06 0.0000000000000E+00 0.0000000000000E+00 0.1650000000000E+02
+++  
   13   17    5 0.00000000E+00 0.18396000E+07
