GENER5
<<<<<<< HEAD
A3Q50    0                 231     COM11                              
=======
AC220    0                 231     COM11                              
>>>>>>> a825da9c090313aa860908b03ef90ef40b1dfb7a
 0.0000000E+00 0.6000000E+04 0.1200000E+05 0.1800000E+05
 0.2355360E+05 0.2355460E+05 0.2355560E+05 0.2355660E+05
 0.2363960E+05 0.2364060E+05 0.2364160E+05 0.2364260E+05
 0.2400000E+05 0.2724669E+05 0.2724769E+05 0.2724869E+05
 0.2724969E+05 0.2725069E+05 0.2725169E+05 0.2725269E+05
 0.2726069E+05 0.2726169E+05 0.2726269E+05 0.2726369E+05
 0.2726469E+05 0.2726569E+05 0.2726669E+05 0.2726769E+05
 0.2726869E+05 0.2726969E+05 0.2727069E+05 0.2727169E+05
 0.2727269E+05 0.2727369E+05 0.2727469E+05 0.2727569E+05
 0.2727669E+05 0.2727769E+05 0.2727869E+05 0.2727969E+05
 0.2728069E+05 0.2728169E+05 0.2728269E+05 0.2728369E+05
 0.2728469E+05 0.2728569E+05 0.2728669E+05 0.2728769E+05
 0.2728869E+05 0.2728969E+05 0.2729069E+05 0.2729169E+05
 0.2729269E+05 0.2729369E+05 0.2729469E+05 0.2729569E+05
 0.2729669E+05 0.2729769E+05 0.2935075E+05 0.2935175E+05
 0.2935275E+05 0.2935375E+05 0.2935675E+05 0.2935775E+05
 0.2935875E+05 0.2935975E+05 0.2936075E+05 0.2936175E+05
 0.2945076E+05 0.2945176E+05 0.2945276E+05 0.2945376E+05
 0.2945476E+05 0.2945576E+05 0.2945676E+05 0.2945776E+05
 0.2947676E+05 0.2947776E+05 0.2947876E+05 0.2947976E+05
 0.3000000E+05 0.3115078E+05 0.3115178E+05 0.3115278E+05
 0.3115378E+05 0.3115478E+05 0.3115578E+05 0.3115678E+05
 0.3115778E+05 0.3115878E+05 0.3115978E+05 0.3116078E+05
 0.3116178E+05 0.3116278E+05 0.3116378E+05 0.3116478E+05
 0.3116578E+05 0.3116678E+05 0.3116778E+05 0.3117178E+05
 0.3117278E+05 0.3117378E+05 0.3117478E+05 0.3194481E+05
 0.3194581E+05 0.3194681E+05 0.3194781E+05 0.3194881E+05
 0.3194981E+05 0.3195081E+05 0.3195181E+05 0.3195281E+05
 0.3195381E+05 0.3195481E+05 0.3195581E+05 0.3195681E+05
 0.3196181E+05 0.3196281E+05 0.3196381E+05 0.3196481E+05
 0.3600000E+05 0.4200000E+05 0.4800000E+05 0.5400000E+05
 0.6000000E+05 0.6600000E+05 0.7200000E+05 0.7800000E+05
 0.8400000E+05 0.9000000E+05 0.9487856E+05 0.9487956E+05
 0.9488056E+05 0.9488156E+05 0.9491256E+05 0.9491356E+05
 0.9491456E+05 0.9491556E+05 0.9491656E+05 0.9492056E+05
 0.9492156E+05 0.9492256E+05 0.9492356E+05 0.9492456E+05
 0.9492656E+05 0.9492756E+05 0.9492856E+05 0.9492956E+05
 0.9493056E+05 0.9493156E+05 0.9493256E+05 0.9494556E+05
 0.9494656E+05 0.9494756E+05 0.9494856E+05 0.9495156E+05
 0.9495256E+05 0.9495356E+05 0.9495456E+05 0.9499256E+05
 0.9499356E+05 0.9499456E+05 0.9499556E+05 0.9502057E+05
 0.9502157E+05 0.9502257E+05 0.9502357E+05 0.9600000E+05
 0.9982892E+05 0.9982992E+05 0.9983092E+05 0.9983192E+05
 0.1020000E+06 0.1080000E+06 0.1099652E+06 0.1099662E+06
 0.1099672E+06 0.1099682E+06 0.1099692E+06 0.1140000E+06
 0.1200000E+06 0.1260000E+06 0.1320000E+06 0.1380000E+06
 0.1440000E+06 0.1500000E+06 0.1560000E+06 0.1620000E+06
 0.1680000E+06 0.1740000E+06 0.1800000E+06 0.1859727E+06
 0.1859737E+06 0.1859747E+06 0.1859757E+06 0.1859817E+06
 0.1859827E+06 0.1859837E+06 0.1859847E+06 0.1859857E+06
 0.1860000E+06 0.1860027E+06 0.1860037E+06 0.1860047E+06
 0.1860057E+06 0.1865177E+06 0.1865187E+06 0.1865197E+06
 0.1865207E+06 0.1865217E+06 0.1865227E+06 0.1865307E+06
 0.1865317E+06 0.1865327E+06 0.1865337E+06 0.1920000E+06
 0.1980000E+06 0.2021152E+06 0.2021162E+06 0.2021172E+06
 0.2021182E+06 0.2040000E+06 0.2050234E+06 0.2050244E+06
 0.2050254E+06 0.2050264E+06 0.2100000E+06 0.2160000E+06
 0.2220000E+06 0.2280000E+06 0.2340000E+06
 0.0000000E+00 0.0000000E+00 0.0000000E+00 0.0000000E+00
 0.0000000E+00 0.0000000E+00 0.4561333E-02 0.1725373E-01
 0.1785613E-01 0.1832897E-01 0.1832125E-01 0.0000000E+00
 0.0000000E+00 0.0000000E+00 0.0000000E+00 0.0000000E+00
 0.6613518E-01 0.5128655E-01 0.4467898E-01 0.3676567E-01
 0.4049997E-01 0.4049883E-01 0.4049853E-01 0.3704797E-01
 0.3307562E-01 0.3149607E-01 0.2313712E-01 0.2662678E-01
 0.4266067E-02 0.2658895E-01 0.1743412E-01 0.2618377E-01
 0.7490467E-02 0.2744623E-01 0.5713117E-02 0.2105380E-01
 0.2871340E-01 0.0000000E+00 0.8046517E-02 0.3276957E-01
 0.0000000E+00 0.1093988E-01 0.2317623E-01 0.8755417E-02
 0.0000000E+00 0.2376323E-01 0.5531333E-02 0.0000000E+00
 0.0000000E+00 0.3109260E-01 0.1040172E-01 0.1847783E-01
 0.8417917E-02 0.8906683E-02 0.1103833E-01 0.1727672E-01
 0.4152733E-02 0.0000000E+00 0.0000000E+00 0.0000000E+00
 0.0000000E+00 0.1743257E-01 0.1743338E-01 0.1677103E-01
 0.1693157E-01 0.0000000E+00 0.0000000E+00 0.1695082E-01
 0.1643295E-01 0.1644442E-01 0.1645660E-01 0.5412560E-01
 0.1251990E+00 0.8172903E-01 0.3563840E-01 0.2393027E-01
 0.4824467E-02 0.4824783E-02 0.5309683E-02 0.0000000E+00
 0.0000000E+00 0.4617983E-02 0.4809000E-02 0.7597900E-02
 0.1636922E-01 0.2278137E-01 0.4232730E-01 0.5397975E-01
 0.8472458E-01 0.7297458E-01 0.3545157E-01 0.2451790E-01
 0.2160235E-01 0.2049455E-01 0.1893725E-01 0.1689827E-01
 0.1553583E-01 0.1340912E-01 0.9728567E-02 0.6147550E-02
 0.6102833E-02 0.4550583E-02 0.0000000E+00 0.0000000E+00
 0.4541750E-02 0.1072838E-01 0.2221272E-01 0.2589180E-01
 0.2498387E-01 0.7561250E-02 0.7560450E-02 0.2287133E-01
 0.3381630E-01 0.2887140E-01 0.1346753E-01 0.8978883E-02
 0.4546967E-02 0.4545467E-02 0.4546033E-02 0.0000000E+00
 0.0000000E+00 0.0000000E+00 0.0000000E+00 0.0000000E+00
 0.0000000E+00 0.0000000E+00 0.0000000E+00 0.0000000E+00
 0.0000000E+00 0.0000000E+00 0.0000000E+00 0.0000000E+00
 0.0000000E+00 0.1830190E-01 0.1843367E-01 0.1832167E-01
 0.1849590E-01 0.3679228E-01 0.2040787E-01 0.1846707E-01
 0.1686828E-01 0.1639743E-01 0.3103675E-01 0.2517715E-01
 0.3518508E-01 0.3525232E-01 0.3741028E-01 0.4837703E-01
 0.5881070E-01 0.7062183E-01 0.8071242E-01 0.9904527E-01
 0.9907217E-01 0.9910580E-01 0.9281725E-01 0.9355152E-01
 0.9335420E-01 0.9391770E-01 0.8971423E-01 0.9192688E-01
 0.9428990E-01 0.9428790E-01 0.9116805E-01 0.9283280E-01
 0.9282112E-01 0.9204818E-01 0.8971237E-01 0.8824550E-01
 0.8825568E-01 0.8823902E-01 0.8825002E-01 0.8251798E-01
 0.8828118E-01 0.8825445E-01 0.8824683E-01 0.8825133E-01
 0.8826132E-01 0.4985567E-02 0.0000000E+00 0.0000000E+00
 0.0000000E+00 0.0000000E+00 0.0000000E+00 0.0000000E+00
 0.0000000E+00 0.0000000E+00 0.0000000E+00 0.0000000E+00
 0.0000000E+00 0.0000000E+00 0.0000000E+00 0.4150383E-02
 0.4243150E-02 0.5945950E-02 0.8686827E-01 0.8500325E-01
 0.8501222E-01 0.8498693E-01 0.7954300E-01 0.9095273E-01
 0.9836163E-01 0.9836072E-01 0.9804933E-01 0.9981575E-01
 0.9708588E-01 0.1127785E+00 0.1130844E+00 0.1119874E+00
 0.1096666E+00 0.1025710E+00 0.9868372E-01 0.9840837E-01
 0.9885140E-01 0.9850987E-01 0.9574395E-01 0.8739575E-01
 0.8699537E-01 0.8784015E-01 0.8826473E-01 0.8784290E-01
 0.8522720E-01 0.8826155E-01 0.8783850E-01 0.8744572E-01
 0.8789565E-01 0.0000000E+00 0.0000000E+00 0.0000000E+00
 0.0000000E+00 0.0000000E+00 0.0000000E+00
 0.0000000E+00 0.0000000E+00 0.0000000E+00 0.0000000E+00
 0.0000000E+00 0.0000000E+00 0.0000000E+00 0.0000000E+00
 0.0000000E+00 0.0000000E+00 0.0000000E+00 0.0000000E+00
 0.0000000E+00 0.0000000E+00 0.0000000E+00 0.0000000E+00
 0.0000000E+00 0.0000000E+00 0.0000000E+00 0.0000000E+00
 0.0000000E+00 0.0000000E+00 0.0000000E+00 0.0000000E+00
 0.0000000E+00 0.0000000E+00 0.0000000E+00 0.0000000E+00
 0.0000000E+00 0.0000000E+00 0.0000000E+00 0.0000000E+00
 0.0000000E+00 0.0000000E+00 0.0000000E+00 0.0000000E+00
 0.0000000E+00 0.0000000E+00 0.0000000E+00 0.0000000E+00
 0.0000000E+00 0.0000000E+00 0.0000000E+00 0.0000000E+00
 0.0000000E+00 0.0000000E+00 0.0000000E+00 0.0000000E+00
 0.0000000E+00 0.0000000E+00 0.0000000E+00 0.0000000E+00
 0.0000000E+00 0.0000000E+00 0.0000000E+00 0.0000000E+00
 0.0000000E+00 0.0000000E+00 0.0000000E+00 0.0000000E+00
 0.0000000E+00 0.0000000E+00 0.0000000E+00 0.0000000E+00
 0.0000000E+00 0.0000000E+00 0.0000000E+00 0.0000000E+00
 0.0000000E+00 0.0000000E+00 0.0000000E+00 0.0000000E+00
 0.0000000E+00 0.0000000E+00 0.0000000E+00 0.0000000E+00
 0.0000000E+00 0.0000000E+00 0.0000000E+00 0.0000000E+00
 0.0000000E+00 0.0000000E+00 0.0000000E+00 0.0000000E+00
 0.0000000E+00 0.0000000E+00 0.0000000E+00 0.0000000E+00
 0.0000000E+00 0.0000000E+00 0.0000000E+00 0.0000000E+00
 0.0000000E+00 0.0000000E+00 0.0000000E+00 0.0000000E+00
 0.0000000E+00 0.0000000E+00 0.0000000E+00 0.0000000E+00
 0.0000000E+00 0.0000000E+00 0.0000000E+00 0.0000000E+00
 0.0000000E+00 0.0000000E+00 0.0000000E+00 0.0000000E+00
 0.0000000E+00 0.0000000E+00 0.0000000E+00 0.0000000E+00
 0.0000000E+00 0.0000000E+00 0.0000000E+00 0.0000000E+00
 0.0000000E+00 0.0000000E+00 0.0000000E+00 0.0000000E+00
 0.0000000E+00 0.0000000E+00 0.0000000E+00 0.0000000E+00
 0.0000000E+00 0.0000000E+00 0.0000000E+00 0.0000000E+00
 0.0000000E+00 0.0000000E+00 0.0000000E+00 0.0000000E+00
 0.0000000E+00 0.0000000E+00 0.0000000E+00 0.0000000E+00
 0.0000000E+00 0.0000000E+00 0.0000000E+00 0.0000000E+00
 0.0000000E+00 0.0000000E+00 0.0000000E+00 0.0000000E+00
 0.0000000E+00 0.0000000E+00 0.0000000E+00 0.0000000E+00
 0.0000000E+00 0.0000000E+00 0.0000000E+00 0.0000000E+00
 0.0000000E+00 0.0000000E+00 0.0000000E+00 0.0000000E+00
 0.0000000E+00 0.0000000E+00 0.0000000E+00 0.0000000E+00
 0.0000000E+00 0.0000000E+00 0.0000000E+00 0.0000000E+00
 0.0000000E+00 0.0000000E+00 0.0000000E+00 0.0000000E+00
 0.0000000E+00 0.0000000E+00 0.0000000E+00 0.0000000E+00
 0.0000000E+00 0.0000000E+00 0.0000000E+00 0.0000000E+00
 0.0000000E+00 0.0000000E+00 0.0000000E+00 0.0000000E+00
 0.0000000E+00 0.0000000E+00 0.0000000E+00 0.0000000E+00
 0.0000000E+00 0.0000000E+00 0.0000000E+00 0.0000000E+00
 0.0000000E+00 0.0000000E+00 0.0000000E+00 0.0000000E+00
 0.0000000E+00 0.0000000E+00 0.0000000E+00 0.0000000E+00
 0.0000000E+00 0.0000000E+00 0.0000000E+00 0.0000000E+00
 0.0000000E+00 0.0000000E+00 0.0000000E+00 0.0000000E+00
 0.0000000E+00 0.0000000E+00 0.0000000E+00 0.0000000E+00
 0.0000000E+00 0.0000000E+00 0.0000000E+00 0.0000000E+00
 0.0000000E+00 0.0000000E+00 0.0000000E+00 0.0000000E+00
 0.0000000E+00 0.0000000E+00 0.0000000E+00 0.0000000E+00
 0.0000000E+00 0.0000000E+00 0.0000000E+00 0.0000000E+00
 0.0000000E+00 0.0000000E+00 0.0000000E+00 0.0000000E+00
 0.0000000E+00 0.0000000E+00 0.0000000E+00
+++  
<<<<<<< HEAD
      9551
=======
     38621
>>>>>>> a825da9c090313aa860908b03ef90ef40b1dfb7a
