GENER5
A11 0    0                  76     COM11                              
 0.0000000E+00 0.1806849E+08 0.1832458E+08 0.1858101E+08
 0.1883745E+08 0.1909397E+08 0.1935032E+08 0.1960658E+08
 0.1986215E+08 0.2011789E+08 0.2037355E+08 0.2062921E+08
 0.2088521E+08 0.2114096E+08 0.2139687E+08 0.2165288E+08
 0.2190828E+08 0.2216385E+08 0.2241968E+08 0.2267542E+08
 0.2293134E+08 0.2318743E+08 0.2344334E+08 0.2369969E+08
 0.2395535E+08 0.2421127E+08 0.2446857E+08 0.2472690E+08
 0.2498541E+08 0.2524357E+08 0.2550226E+08 0.2577105E+08
 0.2602722E+08 0.2671592E+08 0.2697244E+08 0.2722905E+08
 0.2748514E+08 0.2774079E+08 0.2799645E+08 0.2825228E+08
 0.2850803E+08 0.2876368E+08 0.2901960E+08 0.2927552E+08
 0.2953454E+08 0.2979020E+08 0.3004595E+08 0.3030299E+08
 0.3056296E+08 0.3082130E+08 0.3108024E+08 0.3133961E+08
 0.3159864E+08 0.3185784E+08 0.3211678E+08 0.3238289E+08
 0.3264097E+08 0.3289922E+08 0.3315790E+08 0.3367449E+08
 0.3393179E+08 0.3419029E+08 0.3470766E+08 0.3522537E+08
 0.3548388E+08 0.3574299E+08 0.3626044E+08 0.3703579E+08
 0.3729456E+08 0.3755298E+08 0.3781106E+08 0.3806914E+08
 0.3832782E+08 0.3858633E+08 0.3884484E+08 0.3910360E+08
 0.0000000E+00 0.0000000E+00 0.6984540E-07 0.6982973E-07
 0.6986896E-07 0.6984542E-07 0.6985326E-07 0.4200460E-08
 0.1377698E-08 0.1337431E-08 0.1337883E-08 0.5626979E-08
 0.8370130E-08 0.8378613E-08 0.8372956E-08 0.8409426E-08
 0.8389951E-08 0.8384278E-08 0.8375783E-08 0.8378613E-08
 0.8372956E-08 0.8406589E-08 0.8372956E-08 0.8358845E-08
 0.8381445E-08 0.8412265E-08 0.8367068E-08 0.8372430E-08
 0.8405749E-08 0.8378034E-08 0.8361244E-08 0.8421060E-08
 0.8364484E-08 0.3125973E-08 0.8353215E-08 0.8389606E-08
 0.8406589E-08 0.8381445E-08 0.8381445E-08 0.8375783E-08
 0.8378613E-08 0.8381445E-08 0.8372956E-08 0.8372956E-08
 0.8272413E-08 0.8381445E-08 0.8378613E-08 0.8414644E-08
 0.8358259E-08 0.8411371E-08 0.8352874E-08 0.8377748E-08
 0.8388926E-08 0.8383333E-08 0.8391725E-08 0.8392406E-08
 0.8380839E-08 0.8375231E-08 0.6222321E-09 0.0000000E+00
 0.0000000E+00 0.3891550E-10 0.7788307E-10 0.0000000E+00
 0.3891550E-10 0.0000000E+00 0.7770116E-10 0.3892851E-10
 0.0000000E+00 0.3892851E-10 0.0000000E+00 0.0000000E+00
 0.0000000E+00 0.0000000E+00 0.0000000E+00 0.0000000E+00
 0.0000000E+00 0.0000000E+00 0.0000000E+00 0.0000000E+00
 0.0000000E+00 0.0000000E+00 0.0000000E+00 0.0000000E+00
 0.0000000E+00 0.0000000E+00 0.0000000E+00 0.0000000E+00
 0.0000000E+00 0.0000000E+00 0.0000000E+00 0.0000000E+00
 0.0000000E+00 0.0000000E+00 0.0000000E+00 0.0000000E+00
 0.0000000E+00 0.0000000E+00 0.0000000E+00 0.0000000E+00
 0.0000000E+00 0.0000000E+00 0.0000000E+00 0.0000000E+00
 0.0000000E+00 0.0000000E+00 0.0000000E+00 0.0000000E+00
 0.0000000E+00 0.0000000E+00 0.0000000E+00 0.0000000E+00
 0.0000000E+00 0.0000000E+00 0.0000000E+00 0.0000000E+00
 0.0000000E+00 0.0000000E+00 0.0000000E+00 0.0000000E+00
 0.0000000E+00 0.0000000E+00 0.0000000E+00 0.0000000E+00
 0.0000000E+00 0.0000000E+00 0.0000000E+00 0.0000000E+00
 0.0000000E+00 0.0000000E+00 0.0000000E+00 0.0000000E+00
 0.0000000E+00 0.0000000E+00 0.0000000E+00 0.0000000E+00
 0.0000000E+00 0.0000000E+00 0.0000000E+00 0.0000000E+00
 0.0000000E+00 0.0000000E+00 0.0000000E+00 0.0000000E+00
 0.0000000E+00 0.0000000E+00 0.0000000E+00 0.0000000E+00
 0.0000000E+00 0.0000000E+00 0.0000000E+00 0.0000000E+00
     
