meshmaker-dummy                                                                 
MULTI----1----*----2----*----3----*----4----*----5----*----6----*----7----*----8
    2    2    2    6                                                            
START----1----*----2----*----3----*----4----*----5----*----6----*----7----*----8
TIMES----1----*----2----*----3----*----4----*----5----*----6----*----7----*----8
  400                                                                           
 1.75392e7 1.75932e7 1.76472e7 1.77013e7 1.77553e7 1.78094e7 1.78634e7 1.79175e7
 1.79715e7 1.80256e7 1.80796e7 1.81337e7 1.81877e7 1.82417e7 1.82958e7 1.83498e7
 1.84039e7 1.84579e7 1.85120e7 1.85660e7 1.86201e7 1.86741e7 1.87282e7 1.87822e7
 1.88363e7 1.88903e7 1.89443e7 1.89984e7 1.90524e7 1.91065e7 1.91605e7 1.92146e7
 1.92686e7 1.93227e7 1.93767e7 1.94308e7 1.94848e7 1.95389e7 1.95929e7 1.96469e7
 1.97010e7 1.97550e7 1.98091e7 1.98631e7 1.99172e7 1.99712e7 2.00253e7 2.00793e7
 2.01334e7 2.01874e7 2.02415e7 2.02955e7 2.03495e7 2.04036e7 2.04576e7 2.05117e7
 2.05657e7 2.06198e7 2.06738e7 2.07279e7 2.07819e7 2.08360e7 2.08900e7 2.09441e7
 2.09981e7 2.10521e7 2.11062e7 2.11602e7 2.12143e7 2.12683e7 2.13224e7 2.13764e7
 2.14305e7 2.14845e7 2.15386e7 2.15926e7 2.16467e7 2.17007e7 2.17547e7 2.18088e7
 2.18628e7 2.19169e7 2.19709e7 2.20250e7 2.20790e7 2.21331e7 2.21871e7 2.22412e7
 2.22952e7 2.23493e7 2.24033e7 2.24573e7 2.25114e7 2.25654e7 2.26195e7 2.26735e7
 2.27276e7 2.27816e7 2.28357e7 2.28897e7 2.29438e7 2.29978e7 2.30519e7 2.31059e7
 2.31599e7 2.32140e7 2.32680e7 2.33221e7 2.33761e7 2.34302e7 2.34842e7 2.35383e7
 2.35923e7 2.36464e7 2.37004e7 2.37545e7 2.38085e7 2.38625e7 2.39166e7 2.39706e7
 2.40247e7 2.40787e7 2.41328e7 2.41868e7 2.42409e7 2.42949e7 2.43490e7 2.44030e7
 2.44571e7 2.45111e7 2.45651e7 2.46192e7 2.46732e7 2.47273e7 2.47813e7 2.48354e7
 2.48894e7 2.49435e7 2.49975e7 2.50516e7 2.51056e7 2.51597e7 2.52137e7 2.52677e7
 2.53218e7 2.53758e7 2.54299e7 2.54839e7 2.55380e7 2.55920e7 2.56461e7 2.57001e7
 2.57542e7 2.58082e7 2.58623e7 2.59163e7 2.59703e7 2.60244e7 2.60784e7 2.61325e7
 2.61865e7 2.62406e7 2.62946e7 2.63487e7 2.64027e7 2.64568e7 2.65108e7 2.65649e7
 2.66189e7 2.66729e7 2.67270e7 2.67810e7 2.68351e7 2.68891e7 2.69432e7 2.69972e7
 2.70513e7 2.71053e7 2.71594e7 2.72134e7 2.72675e7 2.73215e7 2.73755e7 2.74296e7
 2.74836e7 2.75377e7 2.75917e7 2.76458e7 2.76998e7 2.77539e7 2.78079e7 2.78620e7
 2.79160e7 2.79701e7 2.80241e7 2.80781e7 2.81322e7 2.81862e7 2.82403e7 2.82943e7
 2.83484e7 2.84024e7 2.84565e7 2.85105e7 2.85646e7 2.86186e7 2.86727e7 2.87267e7
 2.87807e7 2.88348e7 2.88888e7 2.89429e7 2.89969e7 2.90510e7 2.91050e7 2.91591e7
 2.92131e7 2.92672e7 2.93212e7 2.93753e7 2.94293e7 2.94833e7 2.95374e7 2.95914e7
 2.96455e7 2.96995e7 2.97536e7 2.98076e7 2.98617e7 2.99157e7 2.99698e7 3.00238e7
 3.00779e7 3.01319e7 3.01859e7 3.02400e7 3.02940e7 3.03481e7 3.04021e7 3.04562e7
 3.05102e7 3.05643e7 3.06183e7 3.06724e7 3.07264e7 3.07805e7 3.08345e7 3.08885e7
 3.09426e7 3.09966e7 3.10507e7 3.11047e7 3.11588e7 3.12128e7 3.12669e7 3.13209e7
 3.13750e7 3.14290e7 3.14831e7 3.15371e7 3.15911e7 3.16452e7 3.16992e7 3.17533e7
 3.18073e7 3.18614e7 3.19154e7 3.19695e7 3.20235e7 3.20776e7 3.21316e7 3.21857e7
 3.22397e7 3.22937e7 3.23478e7 3.24018e7 3.24559e7 3.25099e7 3.25640e7 3.26180e7
 3.26721e7 3.27261e7 3.27802e7 3.28342e7 3.28883e7 3.29423e7 3.29963e7 3.30504e7
 3.31044e7 3.31585e7 3.32125e7 3.32666e7 3.33206e7 3.33747e7 3.34287e7 3.34828e7
 3.35368e7 3.35908e7 3.36449e7 3.36989e7 3.37530e7 3.38070e7 3.38611e7 3.39151e7
 3.39692e7 3.40232e7 3.40773e7 3.41313e7 3.41854e7 3.42394e7 3.42934e7 3.43475e7
 3.44015e7 3.44556e7 3.45096e7 3.45637e7 3.46177e7 3.46718e7 3.47258e7 3.47799e7
 3.48339e7 3.48880e7 3.49420e7 3.49960e7 3.50501e7 3.51041e7 3.51582e7 3.52122e7
 3.52663e7 3.53203e7 3.53744e7 3.54284e7 3.54825e7 3.55365e7 3.55906e7 3.56446e7
 3.56986e7 3.57527e7 3.58067e7 3.58608e7 3.59148e7 3.59689e7 3.60229e7 3.60770e7
 3.61310e7 3.61851e7 3.62391e7 3.62932e7 3.63472e7 3.64012e7 3.64553e7 3.65093e7
 3.65634e7 3.66174e7 3.66715e7 3.67255e7 3.67796e7 3.68336e7 3.68877e7 3.69417e7
 3.69958e7 3.70498e7 3.71038e7 3.71579e7 3.72119e7 3.72660e7 3.73200e7 3.73741e7
 3.74281e7 3.74822e7 3.75362e7 3.75903e7 3.76443e7 3.76984e7 3.77524e7 3.78064e7
 3.78605e7 3.79145e7 3.79686e7 3.80226e7 3.80767e7 3.81307e7 3.81848e7 3.82388e7
 3.82929e7 3.83469e7 3.84010e7 3.84550e7 3.85090e7 3.85631e7 3.86171e7 3.86712e7
 3.87252e7 3.87793e7 3.88333e7 3.88874e7 3.89414e7 3.89955e7 3.90495e7 3.91036e7
MESHM----1----*----2----*----3----*----4----*----5----*----6----*----7----*----8
XYZ                                                                             
       0.0                                                                      
NX       1    0.0669                                                            
NX       1      0.02                                                            
NY       1    0.0669                                                            
NZ       1    0.0669                                                            


ENDCY----1----*----2----*----3----*----4----*----5----*----6----*----7----*----8
