GENER5
A1367    0                  76     COM21                              
 0.1781266E+08 0.1806875E+08 0.1832484E+08 0.1858127E+08
 0.1883771E+08 0.1909423E+08 0.1935058E+08 0.1960692E+08
 0.1986250E+08 0.2011824E+08 0.2037390E+08 0.2062990E+08
 0.2088590E+08 0.2114156E+08 0.2139756E+08 0.2165357E+08
 0.2190897E+08 0.2216454E+08 0.2242028E+08 0.2267611E+08
 0.2293194E+08 0.2318803E+08 0.2344404E+08 0.2370030E+08
 0.2395604E+08 0.2421187E+08 0.2446917E+08 0.2472759E+08
 0.2498602E+08 0.2524418E+08 0.2550286E+08 0.2577165E+08
 0.2602783E+08 0.2671661E+08 0.2697313E+08 0.2722965E+08
 0.2748583E+08 0.2774140E+08 0.2799714E+08 0.2825289E+08
 0.2850872E+08 0.2876429E+08 0.2902020E+08 0.2927621E+08
 0.2953515E+08 0.2979081E+08 0.3004664E+08 0.3030359E+08
 0.3056357E+08 0.3082199E+08 0.3108093E+08 0.3134022E+08
 0.3159933E+08 0.3185853E+08 0.3211739E+08 0.3238350E+08
 0.3264157E+08 0.3289982E+08 0.3315859E+08 0.3341710E+08
 0.3367509E+08 0.3393239E+08 0.3419090E+08 0.3444993E+08
 0.3470826E+08 0.3496677E+08 0.3522597E+08 0.3548457E+08
 0.3574359E+08 0.3600210E+08 0.3626104E+08 0.3651955E+08
 0.3677806E+08 0.3703648E+08 0.3729525E+08 0.3749052E+08
 0.0000000E+00 0.6175601E-15 0.3948059E-15 0.5485026E-15
 0.1041360E-14 0.1354060E-14 0.2257455E-14 0.1470515E-14
 0.9284071E-15 0.9346662E-15 0.9002255E-15 0.1132909E-14
 0.1366183E-14 0.1454764E-14 0.1028155E-14 0.7240550E-15
 0.2311618E-14 0.2825315E-14 0.2341361E-14 0.2611237E-14
 0.2650351E-14 0.3074359E-14 0.3916558E-14 0.8562416E-14
 0.1389166E-13 0.8227980E-14 0.8713032E-14 0.6875388E-14
 0.6974514E-14 0.7358268E-14 0.6613193E-14 0.6435958E-14
 0.6810682E-14 0.7901985E-14 0.1437070E-14 0.2738390E-14
 0.4240466E-14 0.4931771E-14 0.5300928E-14 0.5712545E-14
 0.6508537E-14 0.6248894E-14 0.6412498E-14 0.6332159E-14
 0.6183035E-14 0.6121534E-14 0.6445955E-14 0.6371047E-14
 0.6604859E-14 0.6474233E-14 0.6430356E-14 0.6483533E-14
 0.6348831E-14 0.6423926E-14 0.6370652E-14 0.6392440E-14
 0.6374337E-14 0.6432068E-14 0.7115238E-15 0.9290051E-16
-0.3102906E-16 0.1555621E-16 0.1548342E-16-0.1545243E-16
 0.4648133E-16 0.3096684E-16-0.4632638E-16 0.1547824E-16
 0.0000000E+00-0.4645025E-16 0.1236607E-15-0.7741709E-16
-0.1548341E-16 0.1548860E-16 0.0000000E+00 0.1229904E-15
 0.0000000E+00 0.0000000E+00 0.0000000E+00 0.0000000E+00
 0.0000000E+00 0.0000000E+00 0.0000000E+00 0.0000000E+00
 0.0000000E+00 0.0000000E+00 0.0000000E+00 0.0000000E+00
 0.0000000E+00 0.0000000E+00 0.0000000E+00 0.0000000E+00
 0.0000000E+00 0.0000000E+00 0.0000000E+00 0.0000000E+00
 0.0000000E+00 0.0000000E+00 0.0000000E+00 0.0000000E+00
 0.0000000E+00 0.0000000E+00 0.0000000E+00 0.0000000E+00
 0.0000000E+00 0.0000000E+00 0.0000000E+00 0.0000000E+00
 0.0000000E+00 0.0000000E+00 0.0000000E+00 0.0000000E+00
 0.0000000E+00 0.0000000E+00 0.0000000E+00 0.0000000E+00
 0.0000000E+00 0.0000000E+00 0.0000000E+00 0.0000000E+00
 0.0000000E+00 0.0000000E+00 0.0000000E+00 0.0000000E+00
 0.0000000E+00 0.0000000E+00 0.0000000E+00 0.0000000E+00
 0.0000000E+00 0.0000000E+00 0.0000000E+00 0.0000000E+00
 0.0000000E+00 0.0000000E+00 0.0000000E+00 0.0000000E+00
 0.0000000E+00 0.0000000E+00 0.0000000E+00 0.0000000E+00
 0.0000000E+00 0.0000000E+00 0.0000000E+00 0.0000000E+00
 0.0000000E+00 0.0000000E+00 0.0000000E+00 0.0000000E+00
 0.0000000E+00 0.0000000E+00 0.0000000E+00 0.0000000E+00
+++  
       268
