GENER5
A1374    0                 416     COM21                              
 0.1759210E+08 0.1764510E+08 0.1769810E+08 0.1775100E+08
 0.1780400E+08 0.1785700E+08 0.1791000E+08 0.1796290E+08
 0.1801590E+08 0.1806890E+08 0.1812190E+08 0.1817480E+08
 0.1822780E+08 0.1828080E+08 0.1833380E+08 0.1838670E+08
 0.1843970E+08 0.1849270E+08 0.1854570E+08 0.1859860E+08
 0.1865160E+08 0.1870460E+08 0.1873688E+08 0.1875760E+08
 0.1881050E+08 0.1886350E+08 0.1891650E+08 0.1896950E+08
 0.1902240E+08 0.1907540E+08 0.1912840E+08 0.1918140E+08
 0.1923430E+08 0.1928730E+08 0.1934030E+08 0.1939330E+08
 0.1944620E+08 0.1949920E+08 0.1955220E+08 0.1960520E+08
 0.1965810E+08 0.1971110E+08 0.1976410E+08 0.1981710E+08
 0.1987000E+08 0.1992300E+08 0.1993596E+08 0.1997600E+08
 0.2002900E+08 0.2008190E+08 0.2013490E+08 0.2018790E+08
 0.2024090E+08 0.2029380E+08 0.2034680E+08 0.2039980E+08
 0.2045280E+08 0.2050570E+08 0.2055870E+08 0.2061170E+08
 0.2066470E+08 0.2071760E+08 0.2077060E+08 0.2082360E+08
 0.2087660E+08 0.2092950E+08 0.2098250E+08 0.2103550E+08
 0.2108850E+08 0.2113506E+08 0.2114140E+08 0.2119440E+08
 0.2124740E+08 0.2130040E+08 0.2135330E+08 0.2140630E+08
 0.2145930E+08 0.2151230E+08 0.2156520E+08 0.2161820E+08
 0.2167120E+08 0.2172420E+08 0.2177710E+08 0.2183010E+08
 0.2188310E+08 0.2193610E+08 0.2198900E+08 0.2204200E+08
 0.2209500E+08 0.2214800E+08 0.2220090E+08 0.2225390E+08
 0.2230690E+08 0.2233414E+08 0.2235990E+08 0.2241280E+08
 0.2246580E+08 0.2251880E+08 0.2257180E+08 0.2262470E+08
 0.2267770E+08 0.2273070E+08 0.2278370E+08 0.2283660E+08
 0.2288960E+08 0.2294260E+08 0.2299560E+08 0.2304850E+08
 0.2310150E+08 0.2315450E+08 0.2320750E+08 0.2326040E+08
 0.2331340E+08 0.2336640E+08 0.2341940E+08 0.2347230E+08
 0.2352530E+08 0.2353322E+08 0.2357830E+08 0.2363130E+08
 0.2368420E+08 0.2373720E+08 0.2379020E+08 0.2384320E+08
 0.2389610E+08 0.2394910E+08 0.2400210E+08 0.2405510E+08
 0.2410800E+08 0.2416100E+08 0.2421400E+08 0.2426700E+08
 0.2431990E+08 0.2437290E+08 0.2442590E+08 0.2447890E+08
 0.2453180E+08 0.2458480E+08 0.2463780E+08 0.2469080E+08
 0.2473232E+08 0.2474370E+08 0.2479670E+08 0.2484970E+08
 0.2490270E+08 0.2495560E+08 0.2500860E+08 0.2506160E+08
 0.2511460E+08 0.2516750E+08 0.2522050E+08 0.2527350E+08
 0.2532650E+08 0.2537940E+08 0.2543240E+08 0.2548540E+08
 0.2553840E+08 0.2559130E+08 0.2564430E+08 0.2569730E+08
 0.2575030E+08 0.2580320E+08 0.2585620E+08 0.2590920E+08
 0.2593140E+08 0.2596220E+08 0.2601510E+08 0.2606810E+08
 0.2612110E+08 0.2617410E+08 0.2622700E+08 0.2628000E+08
 0.2633300E+08 0.2638600E+08 0.2643890E+08 0.2649190E+08
 0.2654490E+08 0.2659790E+08 0.2665080E+08 0.2670380E+08
 0.2675680E+08 0.2680980E+08 0.2686270E+08 0.2691570E+08
 0.2696870E+08 0.2702170E+08 0.2707460E+08 0.2712760E+08
 0.2713048E+08 0.2718060E+08 0.2723360E+08 0.2728650E+08
 0.2733950E+08 0.2739250E+08 0.2744540E+08 0.2749840E+08
 0.2755140E+08 0.2760440E+08 0.2765730E+08 0.2771030E+08
 0.2776330E+08 0.2781630E+08 0.2786920E+08 0.2792220E+08
 0.2797520E+08 0.2802820E+08 0.2808110E+08 0.2813410E+08
 0.2818710E+08 0.2824010E+08 0.2829300E+08 0.2832960E+08
 0.2834600E+08 0.2839900E+08 0.2845200E+08 0.2850490E+08
 0.2855790E+08 0.2861090E+08 0.2866390E+08 0.2871680E+08
 0.2876980E+08 0.2882280E+08 0.2887580E+08 0.2892870E+08
 0.2898170E+08 0.2903470E+08 0.2908770E+08 0.2914060E+08
 0.2919360E+08 0.2924660E+08 0.2929960E+08 0.2935250E+08
 0.2940550E+08 0.2945850E+08 0.2951150E+08 0.2952866E+08
 0.2956440E+08 0.2961740E+08 0.2967040E+08 0.2972340E+08
 0.2977630E+08 0.2982930E+08 0.2988230E+08 0.2993530E+08
 0.2998820E+08 0.3004120E+08 0.3009420E+08 0.3014720E+08
 0.3020010E+08 0.3025310E+08 0.3030610E+08 0.3035910E+08
 0.3041200E+08 0.3046500E+08 0.3051800E+08 0.3057100E+08
 0.3062390E+08 0.3067690E+08 0.3072778E+08 0.3072990E+08
 0.3078290E+08 0.3083580E+08 0.3088880E+08 0.3094180E+08
 0.3099480E+08 0.3104770E+08 0.3110070E+08 0.3115370E+08
 0.3120670E+08 0.3125960E+08 0.3131260E+08 0.3136560E+08
 0.3141860E+08 0.3147150E+08 0.3152450E+08 0.3157750E+08
 0.3163050E+08 0.3168340E+08 0.3173640E+08 0.3178940E+08
 0.3184240E+08 0.3189530E+08 0.3192686E+08 0.3194830E+08
 0.3200130E+08 0.3205430E+08 0.3210720E+08 0.3216020E+08
 0.3221320E+08 0.3226620E+08 0.3231910E+08 0.3237210E+08
 0.3242510E+08 0.3247810E+08 0.3253100E+08 0.3258400E+08
 0.3263700E+08 0.3269000E+08 0.3274290E+08 0.3279590E+08
 0.3284890E+08 0.3290190E+08 0.3295480E+08 0.3300780E+08
 0.3306080E+08 0.3311380E+08 0.3312592E+08 0.3316670E+08
 0.3321970E+08 0.3327270E+08 0.3332570E+08 0.3337860E+08
 0.3343160E+08 0.3348460E+08 0.3353760E+08 0.3359050E+08
 0.3364350E+08 0.3369650E+08 0.3374950E+08 0.3380240E+08
 0.3385540E+08 0.3390840E+08 0.3396140E+08 0.3401430E+08
 0.3406730E+08 0.3412030E+08 0.3417330E+08 0.3422620E+08
 0.3427920E+08 0.3432504E+08 0.3433220E+08 0.3438520E+08
 0.3443810E+08 0.3449110E+08 0.3454410E+08 0.3459710E+08
 0.3465000E+08 0.3470300E+08 0.3475600E+08 0.3480900E+08
 0.3486190E+08 0.3491490E+08 0.3496790E+08 0.3502090E+08
 0.3507380E+08 0.3512680E+08 0.3517980E+08 0.3523280E+08
 0.3528570E+08 0.3533870E+08 0.3539170E+08 0.3544470E+08
 0.3549760E+08 0.3552412E+08 0.3555060E+08 0.3560360E+08
 0.3565660E+08 0.3570950E+08 0.3576250E+08 0.3581550E+08
 0.3586850E+08 0.3592140E+08 0.3597440E+08 0.3602740E+08
 0.3608040E+08 0.3613330E+08 0.3618630E+08 0.3623930E+08
 0.3629230E+08 0.3634520E+08 0.3639820E+08 0.3645120E+08
 0.3650420E+08 0.3655710E+08 0.3661010E+08 0.3666310E+08
 0.3671610E+08 0.3672318E+08 0.3676900E+08 0.3682200E+08
 0.3687500E+08 0.3692800E+08 0.3698090E+08 0.3703390E+08
 0.3708690E+08 0.3713980E+08 0.3719280E+08 0.3724580E+08
 0.3729880E+08 0.3735170E+08 0.3740470E+08 0.3745770E+08
 0.3751070E+08 0.3756360E+08 0.3761660E+08 0.3766960E+08
 0.3772260E+08 0.3777550E+08 0.3782850E+08 0.3788150E+08
 0.3792230E+08 0.3793450E+08 0.3798740E+08 0.3804040E+08
 0.3809340E+08 0.3814640E+08 0.3819930E+08 0.3825230E+08
 0.3830530E+08 0.3835830E+08 0.3841120E+08 0.3846420E+08
 0.3851720E+08 0.3857020E+08 0.3862310E+08 0.3867610E+08
-0.0000000E+00-0.0000000E+00-0.0000000E+00-0.0000000E+00
-0.0000000E+00 0.1103168E-10 0.2165676E-10 0.2149211E-10
 0.2182232E-10 0.3610240E-10 0.5576910E-10 0.5656750E-10
 0.5763874E-10 0.5924901E-10 0.6010767E-10 0.6177462E-10
 0.6294352E-10 0.6413674E-10 0.6562739E-10 0.6632263E-10
 0.6842494E-10 0.6944822E-10 0.6990988E-10 0.7106228E-10
 0.7242313E-10 0.7410671E-10 0.7582846E-10 0.7788685E-10
 0.7908915E-10 0.8123388E-10 0.8281403E-10 0.8505503E-10
 0.8640259E-10 0.8906206E-10 0.9146472E-10 0.2933455E-11
-0.0000000E+00 0.2609299E-11-0.0000000E+00 0.6527369E-12
 0.3916946E-11-0.0000000E+00 0.3265674E-12-0.0000000E+00
 0.2940831E-11 0.3268227E-11 0.3268585E-11-0.0000000E+00
-0.0000000E+00 0.2616346E-11-0.0000000E+00-0.0000000E+00
-0.0000000E+00 0.2291957E-11-0.0000000E+00 0.3603165E-11
 0.3276475E-11 0.1114602E-10 0.1083463E-10 0.1150875E-10
 0.1119697E-10 0.1154385E-10 0.1156149E-10 0.1191002E-10
 0.1159694E-10 0.1161471E-10 0.1163257E-10 0.1198336E-10
 0.1166845E-10 0.1168429E-10 0.1202034E-10 0.1170453E-10
 0.1205760E-10 0.1174086E-10 0.1209505E-10 0.1211388E-10
 0.1179574E-10 0.1147662E-10 0.1183261E-10 0.1185114E-10
 0.1220887E-10 0.1188839E-10 0.1190706E-10 0.1226657E-10
 0.1228594E-10 0.1230537E-10 0.1232482E-10 0.1234437E-10
 0.1236399E-10 0.1203967E-10 0.1240336E-10 0.1242316E-10
 0.1209739E-10 0.1245326E-10 0.1246295E-10 0.1282966E-10
 0.1250296E-10 0.1252308E-10 0.1254327E-10 0.1291246E-10
 0.1258379E-10 0.1295429E-10 0.1262462E-10 0.1299635E-10
 0.1266567E-10 0.1303872E-10 0.1306000E-10 0.1272777E-10
 0.1274862E-10 0.1312425E-10 0.1314582E-10 0.1316742E-10
 0.1318913E-10 0.1356796E-10 0.1323276E-10 0.1325465E-10
 0.1327665E-10 0.1327994E-10 0.1329872E-10 0.1368089E-10
 0.1334304E-10 0.1372656E-10 0.1338770E-10 0.1413502E-10
 0.1379566E-10 0.1345521E-10 0.1384215E-10 0.1386551E-10
 0.1388891E-10 0.1391242E-10 0.1393602E-10 0.1432706E-10
 0.1398341E-10 0.1437586E-10 0.1403117E-10 0.1405517E-10
 0.1444971E-10 0.1447452E-10 0.1449940E-10 0.1452437E-10
 0.1454400E-10 0.1454938E-10 0.1457453E-10 0.1422541E-10
 0.1425008E-10 0.1465045E-10 0.1429961E-10 0.1470150E-10
 0.1472717E-10 0.1437461E-10 0.1515768E-10 0.1518429E-10
 0.1483072E-10 0.1523773E-10 0.1488301E-10 0.1529161E-10
 0.1531869E-10 0.1534581E-10 0.1537308E-10 0.1540045E-10
 0.1504222E-10 0.1545543E-10 0.1548309E-10 0.1551085E-10
 0.1552251E-10 0.1553872E-10 0.1517745E-10 0.1559468E-10
 0.1562285E-10 0.1604238E-10-0.0000000E+00-0.0000000E+00
-0.0000000E+00-0.0000000E+00-0.0000000E+00-0.0000000E+00
-0.0000000E+00-0.0000000E+00 0.1605598E-10 0.1569279E-10
 0.1572130E-10 0.1614367E-10 0.1617306E-10 0.1620261E-10
 0.1623227E-10 0.1586540E-10 0.1629185E-10 0.1632184E-10
 0.1632347E-10 0.1635193E-10 0.1678171E-10 0.1641240E-10
 0.1684387E-10 0.1687516E-10 0.1610143E-10 0.1734131E-10
 0.1656562E-10 0.1700142E-10 0.1662768E-10 0.1706523E-10
 0.1669026E-10 0.1712958E-10 0.1675325E-10 0.1678496E-10
 0.1763711E-10 0.1725967E-10 0.1770418E-10 0.1732543E-10
 0.1777183E-10 0.1739176E-10 0.1783992E-10 0.1744815E-10
 0.1787421E-10 0.1790861E-10 0.1752587E-10 0.1714159E-10
 0.1801257E-10 0.1804751E-10 0.1808259E-10 0.1853908E-10
 0.1857525E-10 0.1861156E-10 0.1822420E-10 0.1825991E-10
 0.1872130E-10 0.1875818E-10 0.1879521E-10 0.1883232E-10
 0.1886965E-10 0.1890711E-10 0.1851417E-10 0.1898244E-10
 0.1902036E-10 0.1948941E-10 0.1952850E-10 0.1910693E-10
 0.1913283E-10 0.1917135E-10 0.1921003E-10 0.1968633E-10
 0.1884942E-10 0.1976617E-10 0.1980636E-10 0.1984674E-10
 0.1988719E-10 0.2037072E-10 0.1996874E-10 0.2000977E-10
 0.2005088E-10 0.2009224E-10 0.2058118E-10 0.2062381E-10
 0.2066653E-10 0.2115973E-10 0.2075269E-10 0.2079603E-10
 0.2083947E-10 0.2133716E-10 0.2092531E-10 0.2138201E-10
 0.2142704E-10 0.2055846E-10 0.2151759E-10 0.2156320E-10
 0.2114923E-10 0.2119416E-10 0.2170109E-10 0.2174747E-10
 0.2179405E-10 0.2184074E-10 0.2188772E-10 0.2240161E-10
 0.2244999E-10 0.2249851E-10 0.2207759E-10 0.2259635E-10
 0.2264559E-10 0.2269495E-10 0.2321847E-10 0.2326938E-10
 0.2332053E-10 0.2241786E-10 0.2244730E-10 0.2294538E-10
 0.2251706E-10 0.2304713E-10 0.2309825E-10 0.2363200E-10
 0.2368478E-10 0.2373777E-10 0.2379089E-10 0.2384435E-10
 0.2438577E-10 0.2444081E-10 0.2449599E-10 0.2455153E-10
 0.2362303E-10 0.2466337E-10 0.2471956E-10 0.2477611E-10
 0.2483293E-10 0.2489001E-10-0.0000000E+00-0.0000000E+00
-0.0000000E+00-0.0000000E+00-0.0000000E+00-0.0000000E+00
-0.0000000E+00-0.0000000E+00-0.0000000E+00-0.0000000E+00
-0.0000000E+00 0.9971577E-12 0.9972970E-12-0.0000000E+00
 0.6983413E-11-0.0000000E+00-0.0000000E+00-0.0000000E+00
-0.0000000E+00-0.0000000E+00-0.0000000E+00-0.0000000E+00
-0.0000000E+00-0.0000000E+00-0.0000000E+00-0.0000000E+00
-0.0000000E+00-0.0000000E+00-0.0000000E+00-0.0000000E+00
-0.0000000E+00-0.0000000E+00-0.0000000E+00-0.0000000E+00
-0.0000000E+00-0.0000000E+00-0.0000000E+00-0.0000000E+00
-0.0000000E+00-0.0000000E+00-0.0000000E+00 0.9981110E-12
-0.0000000E+00-0.0000000E+00-0.0000000E+00-0.0000000E+00
-0.0000000E+00-0.0000000E+00-0.0000000E+00-0.0000000E+00
 0.1996455E-11-0.0000000E+00-0.0000000E+00 0.9982332E-12
-0.0000000E+00-0.0000000E+00-0.0000000E+00-0.0000000E+00
-0.0000000E+00 0.9982509E-12-0.0000000E+00 0.1996513E-11
-0.0000000E+00-0.0000000E+00 0.1996531E-11 0.1996537E-11
-0.0000000E+00-0.0000000E+00-0.0000000E+00 0.6987997E-11
 0.5989772E-11 0.5989833E-11-0.0000000E+00 0.6988280E-11
 0.5990015E-11-0.0000000E+00-0.0000000E+00-0.0000000E+00
-0.0000000E+00-0.0000000E+00 0.5990319E-11-0.0000000E+00
 0.3993621E-11-0.0000000E+00-0.0000000E+00 0.4992137E-11
 0.3993739E-11-0.0000000E+00-0.0000000E+00-0.0000000E+00
 0.4992320E-11-0.0000000E+00-0.0000000E+00 0.3993944E-11
-0.0000000E+00 0.1996990E-11 0.1996995E-11-0.0000000E+00
-0.0000000E+00-0.0000000E+00-0.0000000E+00-0.0000000E+00
-0.0000000E+00-0.0000000E+00-0.0000000E+00-0.0000000E+00
-0.0000000E+00-0.0000000E+00-0.0000000E+00-0.0000000E+00
-0.0000000E+00-0.0000000E+00-0.0000000E+00-0.0000000E+00
 0.0000000E+00 0.0000000E+00 0.0000000E+00 0.0000000E+00
 0.0000000E+00 0.0000000E+00 0.0000000E+00 0.0000000E+00
 0.0000000E+00 0.0000000E+00 0.0000000E+00 0.0000000E+00
 0.0000000E+00 0.0000000E+00 0.0000000E+00 0.0000000E+00
 0.0000000E+00 0.0000000E+00 0.0000000E+00 0.0000000E+00
 0.0000000E+00 0.0000000E+00 0.0000000E+00 0.0000000E+00
 0.0000000E+00 0.0000000E+00 0.0000000E+00 0.0000000E+00
 0.0000000E+00 0.0000000E+00 0.0000000E+00 0.0000000E+00
 0.0000000E+00 0.0000000E+00 0.0000000E+00 0.0000000E+00
 0.0000000E+00 0.0000000E+00 0.0000000E+00 0.0000000E+00
 0.0000000E+00 0.0000000E+00 0.0000000E+00 0.0000000E+00
 0.0000000E+00 0.0000000E+00 0.0000000E+00 0.0000000E+00
 0.0000000E+00 0.0000000E+00 0.0000000E+00 0.0000000E+00
 0.0000000E+00 0.0000000E+00 0.0000000E+00 0.0000000E+00
 0.0000000E+00 0.0000000E+00 0.0000000E+00 0.0000000E+00
 0.0000000E+00 0.0000000E+00 0.0000000E+00 0.0000000E+00
 0.0000000E+00 0.0000000E+00 0.0000000E+00 0.0000000E+00
 0.0000000E+00 0.0000000E+00 0.0000000E+00 0.0000000E+00
 0.0000000E+00 0.0000000E+00 0.0000000E+00 0.0000000E+00
 0.0000000E+00 0.0000000E+00 0.0000000E+00 0.0000000E+00
 0.0000000E+00 0.0000000E+00 0.0000000E+00 0.0000000E+00
 0.0000000E+00 0.0000000E+00 0.0000000E+00 0.0000000E+00
 0.0000000E+00 0.0000000E+00 0.0000000E+00 0.0000000E+00
 0.0000000E+00 0.0000000E+00 0.0000000E+00 0.0000000E+00
 0.0000000E+00 0.0000000E+00 0.0000000E+00 0.0000000E+00
 0.0000000E+00 0.0000000E+00 0.0000000E+00 0.0000000E+00
 0.0000000E+00 0.0000000E+00 0.0000000E+00 0.0000000E+00
 0.0000000E+00 0.0000000E+00 0.0000000E+00 0.0000000E+00
 0.0000000E+00 0.0000000E+00 0.0000000E+00 0.0000000E+00
 0.0000000E+00 0.0000000E+00 0.0000000E+00 0.0000000E+00
 0.0000000E+00 0.0000000E+00 0.0000000E+00 0.0000000E+00
 0.0000000E+00 0.0000000E+00 0.0000000E+00 0.0000000E+00
 0.0000000E+00 0.0000000E+00 0.0000000E+00 0.0000000E+00
 0.0000000E+00 0.0000000E+00 0.0000000E+00 0.0000000E+00
 0.0000000E+00 0.0000000E+00 0.0000000E+00 0.0000000E+00
 0.0000000E+00 0.0000000E+00 0.0000000E+00 0.0000000E+00
 0.0000000E+00 0.0000000E+00 0.0000000E+00 0.0000000E+00
 0.0000000E+00 0.0000000E+00 0.0000000E+00 0.0000000E+00
 0.0000000E+00 0.0000000E+00 0.0000000E+00 0.0000000E+00
 0.0000000E+00 0.0000000E+00 0.0000000E+00 0.0000000E+00
 0.0000000E+00 0.0000000E+00 0.0000000E+00 0.0000000E+00
 0.0000000E+00 0.0000000E+00 0.0000000E+00 0.0000000E+00
 0.0000000E+00 0.0000000E+00 0.0000000E+00 0.0000000E+00
 0.0000000E+00 0.0000000E+00 0.0000000E+00 0.0000000E+00
 0.0000000E+00 0.0000000E+00 0.0000000E+00 0.0000000E+00
 0.0000000E+00 0.0000000E+00 0.0000000E+00 0.0000000E+00
 0.0000000E+00 0.0000000E+00 0.0000000E+00 0.0000000E+00
 0.0000000E+00 0.0000000E+00 0.0000000E+00 0.0000000E+00
 0.0000000E+00 0.0000000E+00 0.0000000E+00 0.0000000E+00
 0.0000000E+00 0.0000000E+00 0.0000000E+00 0.0000000E+00
 0.0000000E+00 0.0000000E+00 0.0000000E+00 0.0000000E+00
 0.0000000E+00 0.0000000E+00 0.0000000E+00 0.0000000E+00
 0.0000000E+00 0.0000000E+00 0.0000000E+00 0.0000000E+00
 0.0000000E+00 0.0000000E+00 0.0000000E+00 0.0000000E+00
 0.0000000E+00 0.0000000E+00 0.0000000E+00 0.0000000E+00
 0.0000000E+00 0.0000000E+00 0.0000000E+00 0.0000000E+00
 0.0000000E+00 0.0000000E+00 0.0000000E+00 0.0000000E+00
 0.0000000E+00 0.0000000E+00 0.0000000E+00 0.0000000E+00
 0.0000000E+00 0.0000000E+00 0.0000000E+00 0.0000000E+00
 0.0000000E+00 0.0000000E+00 0.0000000E+00 0.0000000E+00
 0.0000000E+00 0.0000000E+00 0.0000000E+00 0.0000000E+00
 0.0000000E+00 0.0000000E+00 0.0000000E+00 0.0000000E+00
 0.0000000E+00 0.0000000E+00 0.0000000E+00 0.0000000E+00
 0.0000000E+00 0.0000000E+00 0.0000000E+00 0.0000000E+00
 0.0000000E+00 0.0000000E+00 0.0000000E+00 0.0000000E+00
 0.0000000E+00 0.0000000E+00 0.0000000E+00 0.0000000E+00
 0.0000000E+00 0.0000000E+00 0.0000000E+00 0.0000000E+00
 0.0000000E+00 0.0000000E+00 0.0000000E+00 0.0000000E+00
 0.0000000E+00 0.0000000E+00 0.0000000E+00 0.0000000E+00
 0.0000000E+00 0.0000000E+00 0.0000000E+00 0.0000000E+00
 0.0000000E+00 0.0000000E+00 0.0000000E+00 0.0000000E+00
 0.0000000E+00 0.0000000E+00 0.0000000E+00 0.0000000E+00
 0.0000000E+00 0.0000000E+00 0.0000000E+00 0.0000000E+00
 0.0000000E+00 0.0000000E+00 0.0000000E+00 0.0000000E+00
 0.0000000E+00 0.0000000E+00 0.0000000E+00 0.0000000E+00
 0.0000000E+00 0.0000000E+00 0.0000000E+00 0.0000000E+00
 0.0000000E+00 0.0000000E+00 0.0000000E+00 0.0000000E+00
 0.0000000E+00 0.0000000E+00 0.0000000E+00 0.0000000E+00
 0.0000000E+00 0.0000000E+00 0.0000000E+00 0.0000000E+00
 0.0000000E+00 0.0000000E+00 0.0000000E+00 0.0000000E+00
 0.0000000E+00 0.0000000E+00 0.0000000E+00 0.0000000E+00
 0.0000000E+00 0.0000000E+00 0.0000000E+00 0.0000000E+00
 0.0000000E+00 0.0000000E+00 0.0000000E+00 0.0000000E+00
 0.0000000E+00 0.0000000E+00 0.0000000E+00 0.0000000E+00
 0.0000000E+00 0.0000000E+00 0.0000000E+00 0.0000000E+00
 0.0000000E+00 0.0000000E+00 0.0000000E+00 0.0000000E+00
 0.0000000E+00 0.0000000E+00 0.0000000E+00 0.0000000E+00
 0.0000000E+00 0.0000000E+00 0.0000000E+00 0.0000000E+00
 0.0000000E+00 0.0000000E+00 0.0000000E+00 0.0000000E+00
 0.0000000E+00 0.0000000E+00 0.0000000E+00 0.0000000E+00
 0.0000000E+00 0.0000000E+00 0.0000000E+00 0.0000000E+00
 0.0000000E+00 0.0000000E+00 0.0000000E+00 0.0000000E+00
 0.0000000E+00 0.0000000E+00 0.0000000E+00 0.0000000E+00
 0.0000000E+00 0.0000000E+00 0.0000000E+00 0.0000000E+00
 0.0000000E+00 0.0000000E+00 0.0000000E+00 0.0000000E+00
 0.0000000E+00 0.0000000E+00 0.0000000E+00 0.0000000E+00
 0.0000000E+00 0.0000000E+00 0.0000000E+00 0.0000000E+00
 0.0000000E+00 0.0000000E+00 0.0000000E+00 0.0000000E+00
 0.0000000E+00 0.0000000E+00 0.0000000E+00 0.0000000E+00
 0.0000000E+00 0.0000000E+00 0.0000000E+00 0.0000000E+00
 0.0000000E+00 0.0000000E+00 0.0000000E+00 0.0000000E+00
 0.0000000E+00 0.0000000E+00 0.0000000E+00 0.0000000E+00
 0.0000000E+00 0.0000000E+00 0.0000000E+00 0.0000000E+00
 0.0000000E+00 0.0000000E+00 0.0000000E+00 0.0000000E+00
+++  
       275
