GENER5
A6G24    0                 167     COM11                              
 0.0000000E+00 6.0000000E+03 1.2000000E+04 1.8000000E+04
 2.4000000E+04 3.0000000E+04 3.2478561E+04 3.2479561E+04
 3.2480561E+04 3.2481561E+04 3.2512561E+04 3.2513561E+04
 3.2514561E+04 3.2515561E+04 3.2516561E+04 3.2520561E+04
 3.2521561E+04 3.2522561E+04 3.2523561E+04 3.2524561E+04
 3.2525561E+04 3.2526561E+04 3.2527561E+04 3.2528561E+04
 3.2529561E+04 3.2530561E+04 3.2531561E+04 3.2532561E+04
 3.2533561E+04 3.2534561E+04 3.2535561E+04 3.2536561E+04
 3.2537561E+04 3.2545561E+04 3.2546561E+04 3.2547561E+04
 3.2548561E+04 3.2551561E+04 3.2552561E+04 3.2553561E+04
 3.2554561E+04 3.2590561E+04 3.2591561E+04 3.2592561E+04
 3.2593561E+04 3.2594561E+04 3.2595561E+04 3.2620568E+04
 3.2621568E+04 3.2622568E+04 3.2623568E+04 3.6000000E+04
 3.7428923E+04 3.7429923E+04 3.7430923E+04 3.7431923E+04
 3.7440923E+04 3.7441923E+04 3.7442923E+04 3.7443923E+04
 3.7452923E+04 3.7453923E+04 3.7454923E+04 3.7455923E+04
 4.2000000E+04 4.7565226E+04 4.7566226E+04 4.7567226E+04
 4.7568226E+04 4.7569226E+04 4.8000000E+04 5.4000000E+04
 6.0000000E+04 6.6000000E+04 7.2000000E+04 7.8000000E+04
 8.4000000E+04 9.0000000E+04 9.6000000E+04 1.0200000E+05
 1.0800000E+05 1.1400000E+05 1.2000000E+05 1.2356868E+05
 1.2356968E+05 1.2357068E+05 1.2357168E+05 1.2357268E+05
 1.2357368E+05 1.2357468E+05 1.2357568E+05 1.2358168E+05
 1.2358268E+05 1.2358368E+05 1.2358468E+05 1.2358568E+05
 1.2358868E+05 1.2358968E+05 1.2359068E+05 1.2359168E+05
 1.2360168E+05 1.2360268E+05 1.2360368E+05 1.2360468E+05
 1.2360568E+05 1.2364768E+05 1.2364868E+05 1.2364968E+05
 1.2365068E+05 1.2365668E+05 1.2365768E+05 1.2365868E+05
 1.2365968E+05 1.2366168E+05 1.2366268E+05 1.2366368E+05
 1.2366468E+05 1.2367368E+05 1.2367468E+05 1.2367568E+05
 1.2367668E+05 1.2370768E+05 1.2370868E+05 1.2370968E+05
 1.2371068E+05 1.2411772E+05 1.2411872E+05 1.2411972E+05
 1.2412072E+05 1.2412172E+05 1.2412272E+05 1.2412372E+05
 1.2412472E+05 1.2412572E+05 1.2413072E+05 1.2413172E+05
 1.2413272E+05 1.2413372E+05 1.2600000E+05 1.2934005E+05
 1.2934105E+05 1.2934205E+05 1.2934305E+05 1.3200000E+05
 1.3437883E+05 1.3437983E+05 1.3438083E+05 1.3438183E+05
 1.3800000E+05 1.3971516E+05 1.3971616E+05 1.3971716E+05
 1.3971816E+05 1.3971916E+05 1.4196633E+05 1.4196733E+05
 1.4196833E+05 1.4196933E+05 1.4262337E+05 1.4262437E+05
 1.4262537E+05 1.4262637E+05 1.4400000E+05 1.5000000E+05
 1.5600000E+05 1.6200000E+05 1.6800000E+05
 2.3658623E-06 2.3669919E-06 2.3617359E-06 2.3671532E-06
 2.3688361E-06 2.3710722E-06 2.3672224E-06 2.3707725E-06
 3.0237135E-06 2.5314351E-05 2.5496604E-05 2.5341691E-05
 2.5582683E-05 5.0889403E-05 2.8227228E-05 2.5542802E-05
 2.3331438E-05 2.2680180E-05 4.2928613E-05 3.4823882E-05
 4.5490791E-05 4.8666398E-05 4.8759392E-05 5.1744193E-05
 6.6912899E-05 8.1344270E-05 9.7680889E-05 1.1163772E-04
 1.1255630E-04 1.2033297E-04 1.2258843E-04 1.3127773E-04
 1.3436248E-04 1.3699488E-04 1.3703209E-04 1.3707861E-04
 1.2838057E-04 1.2939618E-04 1.2912326E-04 1.2990267E-04
 1.2408862E-04 1.2621845E-04 1.2611202E-04 1.2714906E-04
 1.3041748E-04 1.3041471E-04 1.2609948E-04 1.2840208E-04
 1.2838592E-04 1.2731684E-04 1.2408604E-04 1.2150567E-04
 1.2207122E-04 1.2204817E-04 1.2206339E-04 1.1413510E-04
 1.1573130E-04 1.1573130E-04 1.1573130E-04 1.1978150E-04
 1.2029175E-04 1.1979653E-04 1.1978909E-04 1.2406910E-04
 1.2258011E-04 1.2205898E-04 1.2206521E-04 1.2207902E-04
 6.8958077E-06 2.3768353E-06 2.3622892E-06 2.3773194E-06
 2.3806159E-06 2.3631190E-06 2.3693663E-06 2.8584496E-06
 2.3671763E-06 2.3625197E-06 2.3673607E-06 2.3681445E-06
 2.3621739E-06 2.3679601E-06 2.3655857E-06 2.3778727E-06
 2.3795325E-06 2.3821144E-06 4.8874217E-06 5.7406204E-06
 5.8689310E-06 8.2241660E-06 1.2015221E-04 1.1757261E-04
 1.1758501E-04 1.1755004E-04 1.1002024E-04 1.2580166E-04
 1.2651760E-04 1.2779520E-04 1.2694949E-04 1.3389574E-04
 1.3604781E-04 1.3604804E-04 1.3561735E-04 1.3806058E-04
 1.3428475E-04 1.3152845E-04 1.3354274E-04 1.3256948E-04
 1.3644941E-04 1.3831648E-04 1.3822280E-04 1.3849325E-04
 1.4166125E-04 1.4234504E-04 1.4189987E-04 1.4179934E-04
 1.4449464E-04 1.4368409E-04 1.4453240E-04 1.4575294E-04
 1.5108816E-04 1.5293640E-04 1.5291404E-04 1.5292068E-04
 1.5609198E-04 1.5599006E-04 1.5641324E-04 1.5489583E-04
 1.5168576E-04 1.4187147E-04 1.3649480E-04 1.3434082E-04
 1.3230686E-04 1.3478983E-04 1.3611395E-04 1.3672673E-04
 1.3625434E-04 1.3242865E-04 1.2205207E-04 1.2094476E-04
 1.2081919E-04 1.2037511E-04 1.2268696E-04 1.2039542E-04
 1.1981120E-04 1.2010952E-04 1.1978028E-04 1.2189406E-04
 1.1979965E-04 1.2149648E-04 1.2208374E-04 1.2150028E-04
 1.1788236E-04 1.2167038E-04 1.2101712E-04 1.2150286E-04
 1.2001348E-04 1.2206869E-04 1.2149419E-04 1.2095092E-04
 1.2157324E-04 4.7798584E-06 2.3697812E-06 2.3673377E-06
 2.3680292E-06 2.3687208E-06 2.3657009E-06
 0.0000000E+00 0.0000000E+00 0.0000000E+00 0.0000000E+00
 0.0000000E+00 0.0000000E+00 0.0000000E+00 0.0000000E+00
 0.0000000E+00 0.0000000E+00 0.0000000E+00 0.0000000E+00
 0.0000000E+00 0.0000000E+00 0.0000000E+00 0.0000000E+00
 0.0000000E+00 0.0000000E+00 0.0000000E+00 0.0000000E+00
 0.0000000E+00 0.0000000E+00 0.0000000E+00 0.0000000E+00
 0.0000000E+00 0.0000000E+00 0.0000000E+00 0.0000000E+00
 0.0000000E+00 0.0000000E+00 0.0000000E+00 0.0000000E+00
 0.0000000E+00 0.0000000E+00 0.0000000E+00 0.0000000E+00
 0.0000000E+00 0.0000000E+00 0.0000000E+00 0.0000000E+00
 0.0000000E+00 0.0000000E+00 0.0000000E+00 0.0000000E+00
 0.0000000E+00 0.0000000E+00 0.0000000E+00 0.0000000E+00
 0.0000000E+00 0.0000000E+00 0.0000000E+00 0.0000000E+00
 0.0000000E+00 0.0000000E+00 0.0000000E+00 0.0000000E+00
 0.0000000E+00 0.0000000E+00 0.0000000E+00 0.0000000E+00
 0.0000000E+00 0.0000000E+00 0.0000000E+00 0.0000000E+00
 0.0000000E+00 0.0000000E+00 0.0000000E+00 0.0000000E+00
 0.0000000E+00 0.0000000E+00 0.0000000E+00 0.0000000E+00
 0.0000000E+00 0.0000000E+00 0.0000000E+00 0.0000000E+00
 0.0000000E+00 0.0000000E+00 0.0000000E+00 0.0000000E+00
 0.0000000E+00 0.0000000E+00 0.0000000E+00 0.0000000E+00
 0.0000000E+00 0.0000000E+00 0.0000000E+00 0.0000000E+00
 0.0000000E+00 0.0000000E+00 0.0000000E+00 0.0000000E+00
 0.0000000E+00 0.0000000E+00 0.0000000E+00 0.0000000E+00
 0.0000000E+00 0.0000000E+00 0.0000000E+00 0.0000000E+00
 0.0000000E+00 0.0000000E+00 0.0000000E+00 0.0000000E+00
 0.0000000E+00 0.0000000E+00 0.0000000E+00 0.0000000E+00
 0.0000000E+00 0.0000000E+00 0.0000000E+00 0.0000000E+00
 0.0000000E+00 0.0000000E+00 0.0000000E+00 0.0000000E+00
 0.0000000E+00 0.0000000E+00 0.0000000E+00 0.0000000E+00
 0.0000000E+00 0.0000000E+00 0.0000000E+00 0.0000000E+00
 0.0000000E+00 0.0000000E+00 0.0000000E+00 0.0000000E+00
 0.0000000E+00 0.0000000E+00 0.0000000E+00 0.0000000E+00
 0.0000000E+00 0.0000000E+00 0.0000000E+00 0.0000000E+00
 0.0000000E+00 0.0000000E+00 0.0000000E+00 0.0000000E+00
 0.0000000E+00 0.0000000E+00 0.0000000E+00 0.0000000E+00
 0.0000000E+00 0.0000000E+00 0.0000000E+00 0.0000000E+00
 0.0000000E+00 0.0000000E+00 0.0000000E+00 0.0000000E+00
 0.0000000E+00 0.0000000E+00 0.0000000E+00 0.0000000E+00
 0.0000000E+00 0.0000000E+00 0.0000000E+00 0.0000000E+00
 0.0000000E+00 0.0000000E+00 0.0000000E+00 0.0000000E+00
 0.0000000E+00 0.0000000E+00 0.0000000E+00
+++  
     19025
